183
110
294
303
193
330
162
4935
331
152
1280
151
52
212
135
113
130
140
207
4583
7764
402
138
148
276
160
158
361
123
194
67
217
456
168
209
218
144
377
331
154
358
151
420
524
425
19923
241
99
75
568
162
5042
561
229
377
235
77
132
193
156
126
94
165
153
166
132
1170
208
195
296
55
239
213
234
201
238
414
241
349
153
241
248
126
328
379
760
138
125
126
283
226
582
258
329
240
185
202
176
195
307
233
82
161
302
718
158
142
199
4142
167
289
177
152
186
287
131
196
155
92
277
166
129
283
34178
302
148
131
131
139
174
137
5531
122
272
218
286
279
9941
126
214
219
394
180
246
64
145
186
432
126
273
288
311
205
166
146
862
148
135
527
170
164
138
164
205
259
141
313
161
136
212
407
346
220
231
144
144
365
185
260
311
185
443
81
161
767
176
134
59
258
225
14128
138
2613
229
985
180
379
231
248
171
162
184
120
164
156
141
518
147
122
162
153
189
299
176
247
109
144
156
80
247
173
219
134
33
107
195
661
288
143
373
496
126
138
145
375
294
163
265
150
0
203
116
257
227
306
13459
154
233
301
3808
340
310
302
304
342
138
134
196
335
205
0
269
212
110
161
231
182
315
215
22054
94
133
267
148
310
50
180
139
384
154
258
114
373
139
121
2392
435
252
158
279
177
132
5542
229
103
146
193
575
138
8294
390
247
351
143
207
151
78
245
125
131
199
155
311
3824
232
257
227
90
441
113
163
206
315
882
253
261
304
309
237
95
1154
162
1154
125
138
152
135
135
138
279
170
218
153
204
156
215
271
227
117
180
124
285
312
163
243
237
0
178
214
198
65601
134
144
238
173
214
256
134
160
170
121
157
159
261
144
175
169
137
767
266
1729
1589
147
138
168
153
19464
161
244
203
450
215
308
75
313
1095
409
208
153
233
12257
1553
309
224
193
348
267
1067
224
308
363
293
349
3255
228
232
1383
234
179
279
9677
126
190
169
142
193
44
161
158
202
322
65
136
399
122
172
140
357
137
287
197
5306
492
288
100
274
175
155
225
169
29150
231
125
209
225
114
148
183
234
262
151
267
163
156
242
196
106
405
161
146
124
167
147
287
376
144
266
210
270
152
370
6873
368
326
144
743
73
631
340
209
260
217
265
4020
184
227
156
249
155
219
153
245
267
15821
55
138
211
284
152
160
1716
278
260
242
152
124
139
1293
206
255
232
14001
194
159
312
241
192
133
183
118
145
3198
313
161
87
30
225
284
98
157
97
200
219
274
256
210
2318
164
152
185
1668
189
129
177
169
65
143
277
114
197
118
186
217
92
500
149
249
180
10568
1516
144
255
118
44202
165
194
138
159
165
143
124
129
686
274
211
470
132
729
478
198
186
268
369
142
186
499
156
229
965
250
470
153
202
277
381
125
156
327
78
199
199
508
371
256
153
181
7577
667
166
240
292
904
339
322
28125
155
282
309
234
1187
426
158
144
167
311
1365
124
148
249
165
136
153
401
175
138
569
256
149
200
363
288
141
159
162
323
282
755
233
150
164
291
173
412
310
111
176
182
0
329
277
311
158
233
163
125
133
150
150
2900
179
101
112
153
140
119
288
321
478
147
132
129
266
233
162
185
168
175
134
279
172
136
4259
276
10844
249
150
219
259
135
1921
445
213
176
208
94
271
254
2023
334
443
135
106
36220
174
162
189
168
269
231
171
201
154
541
1880
332
208
197
324
152
196
246
150
151
647
176
133
228
212
744
61450
110
237
250
259
170
171
289
270
134
160
167
173
1766
1408
240
144
151
3020
234
2018
139
169
1329
131
100
176
195
219
279
176
393
192
127
4170
111
3135
165
202
125
266
312
78850
10725
132
140
138
171
502929
203
248
2517
182
171
148
143
461
248
1168
508
163
546
169
372
288
375
159
313
155
197
376
164
167
131
254
433
157
147
205
164
125
193
268
176
278
859
140
151
122
167
197
120
147
147
110
150
146
223
283
166
168
99
196
260
228
118
260
118
285
149
266
428
164
1502
113
194
2267
141
171
147
276
778
161
142
158
76
353
260
244
184
301
117
360
465
225
164
155
136
73958
159
357
194
250
124
470
258
260
2558
135
196
171
2326
369
136
304
151
135
671
202
163
740
1807
336
149
152
491
260
334
263
148
168
90
236
131
178
146
331
8082
280
427
4195
243
4171
140
497
240
214
155
510
126
171
184
137
165
222
202
376
171
167
121
286
206
40121
271
199
244
178
135
162
280
170
270
244
0
27945
119
166
127
136
230
259
489
5080
111
123
174
143
148
153
434
415
148
330
268
445
135
236
174
250
257
256
238
188
144
379
164
305
316
250
257
274
151
301
222
380
108
141
245
211
349
648
153
190
323
157
1632
178
144
147
202
18932
217
158
228
275
124
201
161
299
381
3272
168
238
209
263
1336
192
3474
524
124
183
189
1968
59
67
113
10196
174
201
116
551
158
221
143
188
0
307
147
7340
193
147
208
337
231
271
168
335
189
323
144
119
162
245
23099
121
161
289
182
204
149
322
193
166
234
277
157
167
120
149
292
251
117
248
80
155
111
178
187
313
245
122
154
544
120
157
332
128
161
283
141
685
732
182
213
142
278
97
286
247
221
2822
181
92
265
214
85077
204
109
103
231
160
218
138
179
2385
155
206
79
211
260
245
140
225
343
173
163
173
91
232
165
288
320
410
101
383
245
267
269
1614
180
150
230
3477
107
260
261
268
317
143
149
195
87
142
345
164
527
199
280
42
0
285
1536
362
82
255
363
183
83
1958
189
290
284
155
138
527
224
133
150
215
245
361
159
656
265
162
177
4083
893
282
144
223
278
106
293
154
237
221
491
223
163
197
358
8008
244
279
314
189
185
159
122
182
178
46
104
238
151
229
245
114
136
168
221
148
192
122
155
260
205
148
885
271
131
226
72
165
155
334
185
210
111
181
97
236
4349
112
244
127
147
225
248
1795
226
175
320
185
327
145
299
169
196
233
2555
283
88
142
227
235
289
170
315
275913
150
240
288
183
274
263
306
281
116
234
119
153
322
338
263
186
247
139
469
375
267
178
156
363
165
8685
133
144
178
238
1166
293
159
278
234
256
471
174
146
321
69
172
236
231
330
303
9677
417
196
213
374
277
195
95
821
206
196
160
3290
1709
430
125
148
351
158
82
276
164
206
305
196
174
723
150
206
138
271
2796
333
144
396
55
265
137
289
133
96
181
318
157
247
246
145
150
47
5187
145
342
16192
283
1198
175
2717
104
393
231
149
214
133
139
145
214
130
290
147
235
224
1014
72629
167
157
179
115
648
298
192
182
203
1415
12068
279
147
196
209
240
11875
277
194
115
3814
81
188
757
9389
220
0
432
58
185
2588
206
5647
0
30
170
168
203
237
245
153
149
147
137
291
848
130
305
134
237
114
343
57
163
303
4361
403
104
13011
141
219
274
179
277
214
239
321
171
174
286
107
134
266
174
233
123
141
45
281
172
45
194
139
16422
199
255
134
175
149
348
162
777
127
206
127
154
220
158
321
806
166
96
141
154
136
133
534
186
242
152
387
269
238
140
6581
4468
157
954
113
111
158
135
268
297
143
384
158
3080
115
3988
223
4203
349
284
170
170
299
138
320
288
230
135
315
222
197
188
190
217
149
430
165
189
159
304
141
106
669
266
187
179
437
197
123
360
133
185
160
1308
148
333
165
226
282
378
129
189
340
141
152
216
139
155
134
127
0
2809
64851
347
3387
284
876
155
302
229
316
2073
2431
250
241
360
378
189
125
252
241
330
168
124
259
149
139
154
8484
41
6586
326
105
136
172
264
19812
132
295
195
244
150
223
1063
0
153
165
43268
258
3460
97
138
286
1847
87
272
349
308
160
161
390
203
470
264
341
1283
147
3340
4688
205
221
299
74
204
316
254
427
152
262
181
164
129
210
131
155
151
153
269
188
123
349
129
239
324
198
150
355
365
1724
157
321
292
323
192
155
337
141
309
111
211
179
334
199
133
315
1145
146
383
286
209
122
1609
1584
158
160
492
294
202
375
303
75
100
169
3931
249
127
163
94
136
519
131
271
38707
122
308
150
784
254
151
168
211
231
152
129
113
150
149
159
61541
453
282
176
166
174
180
135
420
174
2223
541
294
207
160
157
293
2535
156
89
285
287
256
233
277
105
378
140
1225
240
157
122
163133
519
297
201
136
329
201
109
249
153
119
160
216
138
111
4406
11573
213
167
195
129
174
325
242
239
3814
244
746
148
165
17560
500
162
22245
148
239
280
268
143
134
168
448
217
236
152
222
149
256
314
308
385
80
82
179
898
8088
317
273
471
80
511
157
320
122
154
145
260
133
252
257
1034
203
150
297
6516
133
139
153
553
191
512
287
72
335
155
106
27832
303
129
179
113
7332
152
3580
163
162
191
347
170
428
123
2955
93
188
137
156
172
209
2373
157
140
104
196
221
155
138
240
206
312
177
378
214
166
1106
132
149
265
179
373
236
145
46
257
141
118
310
4515
148
251
94
163
161
129
281
279
196
603
175
115
225
24338
245056
164
10989
94
346
158
153
176
5680
184
158
226
156
193
233
765
29602
274
765
69
466
166
117
131
8363
339
125
104
204
256
92
1210
69
412
2406
143
116
236
165
144
58154
182
135
305
247
98
337
166
150
181
377
68
328
285
110
176
268
53
16497
21830
57
154
104
214
210
623
172
231
211
62
307
155
142
269
279
409
335
10240
734
164
124
155
237
170
355
141
157
8891
132
136
532
162
88
228
325
175
176
127
314
348
200
419
251
200
185
2813
159
164
161
186
171
10088
325
147
30034
244
132
45
281
271
258
200
162
245
264
312
282
290
244
128
540
120
187
315
48442
169
217
133
283
246
162
169
179
257
2107
170
68
172
161
272
86
2763
140
16561
224
246
211
139
140
146
117
355
265
308
146
227
97
507
172
239
125
213
226
245
157
181
139
153
250
148
186
228
113
156
834
4117
162
300
365
127
162
172
320
133
381
221
238
310
284
126
217
4455
185
357
157
157
171
191
2277
272
340
221
235
3016
215
286
161
5365
302
212
167
2470
6507
6261
277
446
165
133
144
235
184
151
245
104
164
180
110
399
123
308
250
566
121
266
803
287
246
147
347
174
91
299
160
179
280
155
267
117
128
247
143
321
222
208
217
171
159
275
617
132
236
346
267
396
339
452
545
290
182
220
117
154
134
177
270
257
473
100
211
159
163
197
848
163
195
170
754
460
174
195
131
155
342
254
375
166
299
152
1818
206
372
324
170
303
284
174
310
973
129
275
1095
294
292
253
293
17690
150
201
176
189
1241
112
210
228
191
181
155
59
72
234
269
146
1683
7664
324
562
314
176
155
273
168
2760
316
136
133
1116
236
112
78
287
149
165
37
77
282
88
143
232
287
138
193
692
155
185
83
162
181
159
15671
344
165
186
344
257
5000
150
369
141
129
270
142
110
311
179
269
269
21568
359
202
284
1397
216
183
323
142
167
155
138
187
146
305
2038
153
653
314
162
1453
235
179
166
129
241
151
157
104
0
143
8490
7326
307
197
234
295
364
273
570
139
178
252
262
134
140
197596
154
147
221
168
217
110
140
147
148
206
0
168
159
248
134
154
195
188
311
163
213
2757
301
777
100
1391
256
207
170
148
165
13099
281
256
249
162
334
283
253
341
427
182
5127
272
133
150
359
193
128
187
180
404
234
194
152
516
201
521
555
61
152
186
241
150
1962
165
138
144
160
273
47
172
217
189
604
254
83
250
147
294
219
9921
153
196
150
160
152
1318
134
467
123
9664
178
284
157
166
180
191
227
159
6463
283
223
170
2688
219
87
216
2489
168
496
238
2414
167
282
0
147
160
155
1993
278
1138
262
464
273
182
1795
160
136
14119
3626
180
213
397
187
357
157
139
149
190
233
1741
156
1931
216
2064
240
215
264
457
276
490
236
146
151
180
166
232
335
217
223
175
284
167
444
125
288
8122
2803
161
390
310
206
1555
298
224
269
4618
167
30835
408
211
511
201
401
195
153
129
13715
231
63
205
101
253
193
156
231
358
201
149
174
145
289
5741
313
9767
263
239
8074
163
149
148
287
158
293
366
297
5065
122
225
66
130
162
327
249
298
262
338
13092
244
267
226
147
303
216
312
297
345
220
103
207
136
49
111
212
400
559
135
166
127
222
182
292
230
320
106
2022
301
10304
6055
282
172
271
141
153
1260
420
159
146
153
324
164
154
154
109
228
230
214
215
5503
221
120
156
155
210
196
182
247
780
77
176
275
190
234
168
180
121
310
426
184
178
122
117
609
320
301
129
133
154
378
180
236
775
304
167
308
163
142
128
207
266
102
124
9150
157
123
215
110
5459
171
283
362
134
188
152
125
251
133
196
131
217
146
153
138
716
1849
216
372
147
145
94
281
284
179
146
160
272
176
684
254
15711
41
200
202
158
241
154
229
147
242
131
147
7236
159
138
207
145
108
152
249
126
176
177
162
193
339
2811
276
8142
159
166
126
6154
148
329
406
204
210
187
284
138
120
306
2136
149
274
638
150
328
276
1249
207
143
174
1292
169
258
289
162
137
189
169
232
604
170
233
1020
1062
265
186
411
101
206
389
130
219
401
305
103
256
155
124
155
268788
257
273
155
141
126
144
355
146
706
214
275
1224
226
298
215
78
1821
241
1005
202
165
239
283
204
125
282
1743
0
162
442
157
133
71
220
133
231
226
125
735
234
158
181
0
163
165
374
1514
232
2675
243
148
75
155
316
204
260
365
176
64
166
138
129
102
141
160
149
1431
191
84
160
160
262
314
478
147
157
7341
431
222
172
2332
2098
298
151
400
141
167
142
5235
168
9862
3340
1274
154
285
4554
135
145
172
188
495
128
242
3332
291
152
95115
3942
140
515
57
369
152
159
130
167
213
146
129
254
149
138
97
201
450
169
414
340
19962
168
253
213
151
23487
1510
277
225
217
2256
54
142
4114
17408
205
207
3077
119
1800
241
18147
219
165
313
114
178
171
107
0
1386
120
63
122
155
199
61
201
338
439
452
140
217
228
343
968
284
228
281
55
74
3559
184
3122
126
120
144
146
152
194
7368
372
1075
155
148
220
13595
237
115
148
470
236
45
261
204
163
150
113
637
3171
394
126
3742
130
4707
205
165
15169
183
170
323
21704
131
357
206
239
158
117
203
115
193
2840
563
172
1244
169
165
158
157
110
162
296
326
147
61
288
217
226
249
6162
30608
140
252
237
160
130
203
334
167
141
201
289
60
145
636
192
195
107
294
123
2179
64
311
83
179
325
120
106
7023
204
265
336
146
152
185
474
142
279
105
174
175
161
212
306
110
152
126
274
350
259
1034
50
172
172
102
231
156
156
1825
252
208
473
171
327
112
151
137
270
244
214
3775
213
1553
778
109
6187
2298
193
219
158
340
200
309
222
7479
378
140
15316
335
289
158
140
339
263
270
69
129
7730
587
232
263
85
236
39
124
275
85
205
145
177
262
173
2656
520
221
353
141
240
243
168
303
276
179
218
3034
88
132
331
139
157
394
161
245
26626
242
20082
196
5716
183
531
259
110
23946
302
260
168
178
2376
354
199
267
162
213
188
131
257
274
255
264
152
184
373
157
6630
23296
167
162
426
394
136
119
9850
148
6749
157
190
327
94
215
489
131
24277
180
1669
137
1105
244
349
16022
3842
134
145
363
177
169
151
191
3071
142
109
151
2157
131
374
305
129
481
256
171
251
4588
217
317
115
129
155
308
252
165
58
171
111
265
370
94
159
162
337
286
151
146
144
178
595
244
322
212
18402
73
46
149
609
183
272
260
157
209
178
231
268
272
183
283
261
178
246
269
324
15487
344
355
141
144
341
125
190
188
97
174
36674
960
166
203
130
132
101
233
226
134
2343
122
254
445
214
229
280
121
158
161
425
1008
137
174
144
142
174
219
152
256
149
282
353
160
250
257
252
185
139
181
148
164
205
68
385
197
160
6522
433
147
276
163
2450
262
133
159
172
159
