1152
406
324
193
157
298
155
150
146
2697
170
404
307
163
187
336
130
78435
209
181
189
273
171
160
79494
3278
405
368
165
199
189
125
177
105
9852
4026
48
168
6103
644
297
1314
149
166
150
450
277
148
177
297
167
110
302
18367
265
158
185
192
143
138
331
154
527
194
148
107
250
190
202
275
628
217
205
122
166
110
156
696
152
77
100
103
244
137
253
214
161
90
152
207
263
301
122
342
269
318
154
2255
125
324
291
329
67
506
148
128
359
522
202
178
183
119
712
137
206
157
233
563
206
618
230
291
264
213
344
433
150
212
0
153
132
139
185
226
161
185
130
188
219
319
362
275
155
165
335
338
163
330
398
200
342
194
163
149
36658
150
135
285
248
627
180
187
87
150
791
174
209
742
305
117
177
333
217
283
212
128
311
427
176
185
167
72
250
317
196
12172
437
108
403
448
150
463
7957
291
212
11276
134
170
273
292
299
0
150
297
27205
176
261
124
140
246
143
160
240
211
139
266
117
276
345
211
152
148
151
390
281
51893
266
252
1324
169
192
5532
753
245
107
843
245
148
195
112
134
185
292
147
99
108
296
112
177
223
64111
220
282
255
964
100
160
415
143
127
122
128
170
144
44927
7601
148
26317
252
181
305
164
132
156
196
146
146
177
247
122
176
211
171
1425
518
287
159
195
132
219
100
173
312
281
226
160
183
179
370
374
374
7381
305
172
356
165
1501
183
147
295
278
304
207
149
150
197
1067
0
307
189
173
148
157
220
127
151
256
210
441
101
158
47
176
166
142
259
165
256
314
103
85
161
225
145
155
173
168
185
173
332
43
248
156
220
0
251
277
123
142
184
132
1103
113
148
157
266
175
235
256
282
224
206
182
171
135
203
228
159
223
145
252
287
196
329
292
344
527
181
555
306
128
174
163
150
173
121
1496
130
165
168
159
267
136
123
724
288
2696
156
255
152
168
138
47941
440
268
236
378
172
929
282
162
320
88
6738
310
157
345
250
7912
126
885
406
81
14373
1591
145
126
246
369
191
178
160
632
217
153
260
286
155
183
336
262
569
286
255
99
152
187
193
176
198
166
336
121
140
147
2252
239
2260
198
962
16900
12794
202
163
228
114
174
147
556
142
533
378
188
247
539
210
277
274
149
297
199
1103
260
178
263
274
4529
128
1237
118
108
132
207
128
196
133
75
172
227
159
50
122
1333
166
147
193
188
95
127
966
127
1743
159
1987
179
162
130
189
272
166
139
140
197
254
233
285
270
250
211
446
44
169
136
292
121
505
395
164
148
265
296
281
2654
154
363
13653
0
90
571
435
174
145
149
132
269
163
234
264
138
22908
416
104450
171
161
55
245
219
174
411
270
241
173
221
272
111
154
196
171
153
12444
265
270
336
166
244
180
217
238
153
145
128
4044
151
113
154
269
125
206
90
272
422
222
194
290
148
163
187
122
205
156
492
311
181
334
239
216
213
196
197
270
105
233
308
159
272
205
148
238
122
2528
312
0
228
260
6124
191
329
5781
208
43459
87
129
1358
190
1992
167
221
275
158
194
218
350
274
147
155
180
1909
159
98
269
254
188
217
213
994
136
275
200
181
362
156
315
156
208
52
215
318
84
40252
218
100
263
302
216
284
265
176
133
125
215
40
164
256
273
102
121
127
207
162
266
168
164
216
810
215
222
242
1634
161
152
180
159
157
22294
171
240
154
195
234
256
99
138
317
134
173
162
202
171
353
107
134
329
58504
346
256
161
130
169
242
285
116
1754
341
185
266
281
426
161
166
85
404
141
288
237
199
4124
159
248
18826
142
137
152
151
213
357
118
225
534
189
178
181
24732
408
155
1099
155
167
14189
939
178
328
564
237
549
129
262
243
147
227
165
323
174
127
152
402
248
210
359
163
172
178
271
230
56
111716
173
241
212
131
160
205
105
1903
4375
230
9928
169
150
143
236
167
382
257
107
260
690
114
135
190
158
215
1845
306
266
163
11064
282
191
177
169
112
307
141
137
152
167
175
361
405
195
69
156
154
203
2227
4260
259
86
260
202
309
143
148
283
5162
160
120
11632
9770
154
141
320
117
179
375
216
393
261
323
188
81
229
125
142
276
16478
277
185
241
189
108
2433
231
269
395
94
147
175
219
213
156
134
1028
186
471
1462
340
0
126
398
157
156
184
236
256
152
332
117
7503
158
177
383
154
160
139
6226
151
155
125
267
0
306
35
229
194
152
93
368
39338
2692
258
208
154
163
108
5478
54
190
145
168
149
151
217
1644
402
156
164
359
140
782
138
230
158
152
165
0
147
71
312
151
217
157
205
142
280
192
203
183006
177
196
312
346
232
128
168
264
192
385
149
151
188
147
277
306
113
143
325
135
134
155
153
239
158
236
190
216
168
152
161
181
183
136
129
142
336
190
182
240
206
178
179
167
251898
167
204
137
121
434
284
121
153
111
196
179
4741
235
373
191
268802
85
219
214
287
169
171
131
177
135
259
186
268
263
1235
144
274
105
154
165
967
148
180
1744
148
187
166
343
285
167
157
720
155
335
213
43570
36206
164
370
222
161
287
338
235
210
265
305
149
385
5365
309
279
209
105
271
0
514
15054
228
290
235
316
354
194
161
398
221
287
178
34
119
245
243
241
174
168
131
203
134
253
241
168
4406
70
4992
318
172
160
125
177
124
150
128
439
130
192
3481
379
223
201
133
18810
200
278
3750
727
2458
152
171
198
163
291
304
116
127
294
499
169
4538
159
143
177
9629
158
174
203
288
159
169
149
72
254
146
708
261
282
255
253
15204
570
10341
353
359
219
137
203
241
162
271
274
154
3111
118
215
173
129
127
173
180
223
136
109
160
319
148
373
363
301
239
198
161
187
91
221
855
174
223
191
115
219
214
144
164
462
255
249
184
394
167
260
227
270
3802
394
57
131
302
169
244
146
134
240
164
217
334
162
206
162
311
98
145
256
197
2840
153
908
133
172
1850
4832
278
245
185
143
236
377
163
364
427
191
184
301
168
171
150
330
155
156
216
155
185
178
241
211
0
144
743
140
139
3413
294
142
642
52211
122
347
292
144
405
200
247
123
119
49
580
222
194
4157
193
339
312
229
231
205
1113
114
210
641
272
247
179
164
385
246
673
116
321
3743
201
232
289
176
381
169
336
15950
150
282
204
157
143
156
230
0
147
320
150
155
12816
216
225
157
161
136
224
247
164
120
135
352
100
139
198
192
162
161
159
39277
160
94738
148
153
260
280
240
96
123
422
282
125
499
99
162
139
191
2297
323
484
261
292
5532
228
279
179
58
247
0
258
184
121
277
346
1344
181
238
138
155
346
422
158
190
341
85
25951
288
117
160
156
318
162
121
176
209
10190
256
89
164
11273
161
129
140
259
137
254
315
316
138
129
420
395
153
360
102
194
150
258
174
111
148
292
26296
197
365
177
271
135
164
222
0
561
149
303
164
337
7097
141
282
15722
2937
304
165
33
195
166
233
158
4121
149
212
105
150
110596
152
173
205
133
234
171
253
242
120
156
133
1592
168
197
228
257
261
166
13060
320
122141
396
219
824
414
234
155
260
588
181
107
948
233
15468
188
1594
152
254
169
8521
358
353
166
2271
352
235
209
204
95
142
82
75
273
148
228
214
226
1012
258
320
381
2130
12789
4281
93
160
140
269
152
165
179
189
99
178
277
414
183
215
162
4344
794
312
267
206
325
135
149
346
334
195
169
420
158
110
208
279
222
207
162
254
4841
29189
338
217
27417
111
118
132
280
91
103
134
275
168
273
178
166
218
415
326
240
160
214
407
252
1716
178
195
172
141
132
288
214
144
229
254
400
250
327
169
247
373554
156
177
127
163
198
238
207
1511
99
252
247
184
543
543
263
2901
157
327
168
183
116
119
317
181
2327
174
309
163
304
202
155
182
183
231
167
163
317
299
286
3886
581
269
303
285
317
190
146
70
150
231
190
474
159
106
128
229
185
4111
753
3831
126
2548
111
347
215
205
420
148
168
125
108
266
381
144
194
314
253
322
112
175
122
145
385
2026
174
34
215
205
3789
275
185
157
83
102
176
166
151
303
743
6094
256
8709
125
773
157
133
211
236
1183
476
57969
161
222
299
133
1036
499
30372
186
50
185
166
127
167
164
107437
3597
152
235
248
246
316
171
345
237
142
140
116
201
504
139
139
278
197
134
100
154
246
146
133
155
193
142
78
123
124
130
266
376
295
242
34078
106
210
136
275
160
798
108
178
264
134
174
56
313
300
137
169
166
218
229
433
232
181
150
329
3019
134
122
156
148
154
190
1454
51
185
179
224
97
150
192
6757
183
146
255
16605
126
158
225
202
297
616
7968
85
139
171
804
258
257
1530
134
219
224
1561
301
215
160
107
4151
11159
218
120
327
344
257
229
223
245
159
103
91
339
173
182
156
180
114
123
2738
359
163
580
727
229
161
140
184
261
180
125
222
216
123
173
140
3095
109
294
229
215
153
222
10297
271
158
277
171
119
157
100
250
103
264
150
91
131
154
216
1833
172
309
154
151
271
232
360
219
230
75215
292
9041
4838
233
139
228
19927
247
214
5740
205
185
2526
308
155
2458
281
226
126
150
184
117
174
159
158
253
219
179
138
245
179
3313
290
117
148
182
89
330
171
111
631
773
23613
150
161
175
151
114
161
135
168
135
282
160
242
161
2382
230
478
534
269
528
180
280
146
175
148
152
4092
220
204
130
10051
110
212
166
141
300
163
35
128
452
2518
322
188
381
158
170
173
127
54
2012
179
276
203
163
264
324
49840
142
93
211
150
2847
11987
81
262
2118
203
138
20327
177
146
145
144
165
190
307
243
158
3265
136
252
344
101
519
424
153
236
229
132
81
165
388
8142
175
109
180
218
422
254
119
359
203
332
76
201
133
359
277
194
238
162
136
132
166
62
285
500
168
163
113
158
217
139
335
167
259
121
706
539
278
276
241
174
193
1568
1663
6507
211
149
171
165
154
145
206
214
695
301
318
260
254
170
151
186
24771
367
158
423
238
183
153
249
191
347
14789
269
337
206
131
1542
76092
293
219
362
2903
330
109
165
138
119
194
159
537
163
252
708
248
301
159
2578
155
230
283
176
112
152
666
95
346
291
350
228
236
179
278
264
114
200
193
189
314
158
298
243
993
153
3041
1152
168
143
144
168
139
951
1706
275
207
363
199
127
119
486
172
63361
125
215
194
99
132
190
174
301
283
259
773
145
185
1080
16123
310
80
230
261
347
442
117
214
166
134
202
332
187
583
179
307
340
153
262
8266
109
197
202
100
1042
156
185
2074
1919
236
0
236
177
142
237
1693
274
156
145
0
290
229
176
221
168
113
492
245
175
317
2398
176
2689
661
151
169
258
120
6595
240
188
138
335
258
344
276
131
178
40087
437
193
152
297
113
189
1323
176
160
403
158
225
267
150
148
179
163
179
194
276
113
176
239
170
132
134
168
262
130
149
243
131
262
17181
148
241
2250
105
228
294
95
222
180
165
177
180
248
658
196
216
147
169
256
2226
177
19964
161
249
271
202
3790
218
225
412
249
18358
2926
134
144
175
438
178
515
173
155
205
508
190
2905
204
43
137
245
527
240
132
169
136
26311
293
153
153
148
249
117
2381
566
54
136
159
15609
89
275
332
152
275
234
294
259
102
183
259
321
14139
226
332
163
337
129
313
160
140
154
149
163
268
254
159
291
145
271
190
257
148
286
257
13416
265
3552
199
560
136
175
247
247
186
388
184
180
130
210
99
165
219
161
360
629
149
243
248
129
253
315
11723
214
168
165
167
160
215
149
338
333
183
303
209
200
295
395
279
274
0
139
372
299
116
153
203
296
245
103
323
199
200
302
73
213
239
151
586
146
125
150
933
136
166
146
1198
45
462
7204
152
334
179
161
343
177
131
139
195
121
183
296
2736
316
5746
180
169
243
137
157
254
160
174
268
257
210
1928
139
190
278
132
193
25851
147
140
298
153
234
259
264
416
99
275
172
337
154
122
3279
476
130
2332
190
191
129
107
172
182
169
284
179
181
146
294
131
200
155
141
205
194
172
227
141
151
145
320
265
164
139
163
184
316
149
313
111
119
144
107
662
233
37289
131
400
152
175
839
208
244
21821
310
197
169
156
189
86
279
9726
5685
364
120
146
316
182
52
206
199
285
8413
272
157
112
165
2115
120
304
342
112
243
281
194
315
158
146
301
186
129
280
113
394
179
171
108
147
208
338
298
344
129
125
226
237
169
186
177
1259
312
0
167
128
250
361
110
1144
299
167
3488
819
306
183
308
332
244
3694
238
352
396
166
85
130
128
157
174
0
313
282
161
1007
269
143
166
174
157
5048
86
158
305
209
225
307
406
147
432
185
272
15841
91
1632
31328
68
134
164
934
74
224
200
162
166
225
663
167
378
258
363
379
143
255
133
130
168
205
230
185
490
159
160
22686
153
122
214
160
214
122
177
741
140
165
228
376
290
482
67
223
148
158
151
697
337
166
3336
179
166
180
163
315
133
162
129
219
210
172
164
202
133
356
263
214
918
3320
41993
159
262
171
269
148
184
4645
77
245
0
308
260
266
250
532
195
94
184
173
244
240
330
218
304
121
387
271
5756
165
124
318
141
18348
2352
227
415
170
111
326
178
236
215
157
194
166
590
141
711
194
176
153
219
149
108
189
356
208
260
240
344
247
310
148
149
308
235
376
149
235
281
348
139
170
244
157
185
97
60
377
1491
247
99
270
197
273
148
116
67
186
221
258
213
189
213
181
113
170
162
129
175
209
139
148
174
209
182
254
278
330
187
162
98
150
286
16714
317
733
192
270
95
66
164
206
35
162
205
230
99
247
11132
3525
264
475
702
121
125
101
22796
177
152
155
222
310
5323
272
276
166
154
230
172
152
214
202
179
100
208
169
174
171
246
162
103
220
406
232
167
91
253
395
151
769
292
271
254
164
254
267
205
131
310
1755
143
364
182
5791
269
321
288
189
203
162
238
256
2711
461
278
237
159
176
571
1009
245
231
276
123
272
230
2431
148
279
173
195
214
225
147
4966
365
707
265
144
284
729
168
134
171
171
9621
189
219
121
95
130
237
274
101
173
151
279
122
181
152
175
161
187
162
396
218
1324
269
188
236
192
320
356
181
224
207
294
261
617
361
163
2034
2439
91
1740
132
283
166
131
322
120
156
190
11726
167
165
180
153
138
133
254
198
156
121
10956
324
109
126
202
5347
180
176
144
195
148
125
189
304
137
208
272
204
168
144
231
1619
202
188
144
186
192
148
184
150
172
253
173
245
8502
259
172
236
246
277
184
15285
78
853
476
144
2450
150
242
67
261
1166
222
172
172
464
141
151
216
271
121
233
177
220
215
174
146
127
264
21202
185
267
4833
253
278
172
318
382
158
114
187
163
154
179
399
187
175
91
102
159
170
145
162
1416
143
324
218
277
154
250
237
271
157
189
277
157
43995
177
3251
210
191
80
281
227
277
251
302
321
184
159
160
445
164
100
193
99
259
116
264
167
155
199
157
179
114
343
274
296
190
182
145
2246
187
139
341
273
148
147
215
357
819
159
197
4757
236
122
213
163
159
163
455
8073
152
218
119
174
156
199
249
147
132
220
194
316
8354
12905
291
256
127
324
233
113
66
140
8783
540
163
221
234
111
133
139
214
113
150
378
323
1662
149
182
157
409
98
25906
165
120
114
160
126
310
154
218
362
368
347
14786
145
318
3182
197
156
109
323
254
319
433
164
242
126
155
160
20953
263
436
200
195
212
239
214
168
288
15936
284
161
2452
182
212
331
169
377
199
173
328
340
262
218
224
163
253
149
180
185
319
76792
108
151
159
1072
203
183
239
161
206
287
129
376
316
201
538
326
137
311
144
982
147
423
156
212
204
95
243
206
1282
237
180
186
128
133
217
142
216
362
6299
168
103
157
126
2677
143
147
259
179
6306
204
297
185
217
185
237
132
13843
167
263
152
157
170
165
2919
1154
0
268
175
86468
163
209
346
223
140
382
3536
135
176
267
196
156
27808
774
326
265
271
276
144
183
365
3099
147
207
217
226
265
154
169
248
0
154
290
217
97
143
155
167
197
203
172
189
183
287
151
145
248
192
1763
370
12655
139
235
253
277
267
148
157
150
7468
226
245
281
143
275
287
185
217
208
166
160
336
138
6656
232
244
0
1431
159
246
261
528
277
137
163
50
231
157
697
1455
166
221
133
531
165
98
191
154
145
182
131
338
164
285
328
257
728
344
1720
167
128
1221
1909
244
159
149
1951
125
163
236
442
169
773
293
424
137
108
194
177
0
162
281
175
2744
286
430
141
125
243
426
236
169
181
285
281
1820
239
243
136
178
157
293
253
203
146
13347
71
140
292
82
249
261
194
124
278
173
120
136
525
172
182
361
207
147
280
419
179
137
119
129
72
236
237
0
129
852
218
196
233
228
219
154
111
149
171
215
334
180
218
163
343
139
179
235
166
162
436
111
180
158
328
58
320
255
282
144
266
139
280
172
1744
4831
114
164
294
293
180
262
419
326
249
128
0
128
17223
145
33
243
495
154
13010
252
174
310
303
165
65
530
179
4059
191
7265
189
198
287
162
168
244
232
346
452
263
188
256
161
320
161
101
3279
9108
178
150
158
194
160
182
307
181
147
176
120
479
200
172
517
65601
162
217
214
6292
316
198
131
149
201
49
250
118
191
186
183
487
142
1201
311
6797
135
21900
202
4200
216
283
283
276
185
720
146
265
192
133
719
115
234
398
208
148
184
34
214
468
139
158
41587
236
187
261
279
139
130
163
188
8011
3333
645
741
176
248
85
139
5994
134
155
136
247
92
144
153
145
319
399
152
181
1423
262
169
172
198
203
121
125
362
148
256
204
532
236
25846
674
220
182
1894
652
148
169
245
90
175
175
589
159
10234
154
243
163
251
2183
219
117
767
228
169
164
196
247
145
212
595
366
178
160
146
169
357
168
101
199
42724
238
160
34068
2144
291
6737
309
139
128
162
142
139
171
119
114
162
314
474
4902
266
205
194
153
240
388
4722
248
171
165
176
146
3452
215
128
187
162
5664
101
164
154
20163
261
124
158
336
301
207
204
176
123
1905
351
261
155
316
201
350
156
196
202
205
169
194
327
155
238
161
5072
133
318
240
304
145
109
130
140
159
356
167
216
214
161
250
265
133
14230
952
417
5713
258
396
112
301
4298
127
156
188
132
228
264
152
228
155
351
85
153
86
141
2540
328
469
130
190
170
247
232
306
4451
107
249
178
73
206
0
5297
170
210
150
9853
225
409
489
5701
232
239
250
191
151
288
125
215
435
330
243
269
160
184
241
280
264
163
485
284
308
162
330
83
144
124
166
211
199
216
108
0
2599
13728
166
184
140
293
319
192
4528
389
170
114
260
129
291
302
154
7805
558
138
146
786
421
172
198
1632
200
15920
206
173
1237
154
574
253
3202
167
154
90
260
328
409
263
188
265
280
258
166
356
176
314
158
226
186
245
209
100
168
546
75
157
881
14671
149
269
119
291
314
295
322
131
478
233
1798
1548
250
48
234
156
298
107
142
172
577
144
158
120
149
185
160
510
228
157
119
159
103
301
150
167
290
224
141
166
206
243
166
1132
286
99
867
348
234
284
267
261
1067
0
240
175
123
353
80
157
150
155
233
284
275
129
249
224
260
172
81
240
1424
126
196
118
253
244
348
1254
334
158
29360
179
176
204
354
3852
317
365
257
569
494
80123
792
126
116
141
135
381693
214
160
76
413
190
271
5646
774
138
264
519
141
176
171
147
376
285
1383
132
236
238
20398
226
510
213
450
267
124
136
152
160
142
201
196
170
183
154
437
507
259
288
175
1974
1003
414
252
60
107
420
305
135
403
1383
258
229
154
600
147
5808
160
243
105
246
15443
166
115
112
341
165
162
366
225
143
115
177
248
12510
252
303
186
352
290
71641
193
172
1726
235
178171
194
171
136
173
326
44
153
247
193
3440
161
415
273
57
203
133
193
131
1912
98
594
142
129
211
173
204
213
240
269
131
9970
212
335
169
133
196
148
273
11972
1675
252
151
4671
148
115
195
267
184
2041
5225
158
285
423
157
405
202
201
8133
333
242
193
507
5404
263
493
255
51
147
314
162
138
116
4375
1503
211
173
191
7320
161
176
747
386
166
169
208
51
213
98
221
182
8017
81
259
501
321
125
179
183
352
147
327
254
247
207
160
159
131
369
253
372
163
173
484
174
75
154
225
171
46
183
1397
1998
405
260
251
239
335
299
132
126
307
181
1718
27729
213
124895
126
4005
347
323
78
124
143
152
128
101
94
132
195
14691
175
214
1607
340
205
151
257
278
5044
212
471
236
211
252
145
228
117
164
159
124
190
376
123
157
158
127
160
291
70502
133
98
114
199
1386
24080
165
208
241
595
217
237
26306
243
153
225
133
119
126
78192
253
210
144
99
396
198
175
58
242
304
228
27257
271
220
61
118
290
24353
218
158
207
7943
154
2757
144
261
231
10835
107
244
4788
196
145
232
16239
132
231
195
331
170
235
170
366
211
260
271
179
104
255
261
139
131
339
164
169
0
7964
2799
6041
469
10416
238
372
10216
19891
131
173
285
124
65
168
263
163
148
303
174
12184
124
127
221
160
147
5504
159
125
245
127
162
301
174
244
168
155
308
308
133
108
334
278
172
166
353
223
331
330
145
73
291
184
232
936
237
575
158
160
160
335
505
207
228
247
352
135
128
187
63
6200
638
190
267
308
281
317
229
105
262
207
154
81
133
158
158
159
8113
192
240
312
138
8126
142
395
199
407
289
242
233
55
143
166
180
167
222
254
128
243
125
123
222
89
167
120
212
523
144
234
186
154
140749
283
1395
437
3122
154
0
281
194
219
164
20912
139
268
120
237
105
231
85
495
172
131
141
357
162
357
256
142
80
106
4012
126
164
160
298
193
190
154
332
254
276
142
0
140
785
223
168
138
282
168
163
6782
145
1471
172
108
195
2248
97
953
131
153
336
221
286
191
280
182
125
176
216
185
136
164
66
11363
141
196
206
136
214
3278
209
187
178
237
1427
156
131
102
176
250
3370
269
337
1331
25823
260
442
167
327
136
147
165
159
251
186
24363
246
107
593
207
140
154
120
142
4998
281
169
407
370
248
85
149
179
263
338
3610
141
186
158
171
126
123
110
143
174
159
360
134
191
184
325
252
224
139
2417
288
113
207
621
29670
151
165
268
183
160
6473
129
238
152
147
166
311
140
548
217
165
147
220
200
189
134
206
179
150
117
199
140
152
560
150
224
215
674
237
81695
179
163
257
110
140
5731
109
239
31809
305
152
164
219
204
187
161
101
298
64
216
165
126
134
285
126
214
173
186
165
290
303
280
181
166
5768
244
201
341
294
272
200
230
115
155
189
235
442
1138
375
161
316
168
304
124
167
274
1883
275
224
280
257
735
232
93
162
360
310
213
124
19368
205
216
225
316
175
498
198
247
97
121
227
91
277
132
169
221
254
365
225
149
7964
294
161
137
229
291
838
1179
147
3121
159
922
196
336
153
219
194
296
300
130
164
250
117
461
134
146
188
7950
269
312
103
6410
348
369
179
373
194
196
219
402
193
193
167
115
140
284
86
302
155
284
190
225
103
253
308
343
243
264
212
198
169
178
231
391
220
133
83
343
296
330
165
141
162
128
165
186
255
174
161
237
280
446
268
74
151
42638
3541
253
172
234
282
367
147
220
273
226
152
188
186
191
314
277
335
56
428
567
182
560
257
249
0
1406
315
156
58
19184
389
115
855
64
120
187
139
323
1204
243
295256
225
163
236
266
160
119
129
191
372
276
199
170
299
331
158
1134
156
69
257
19601
164
158
571
296
322
159
84
144
171
604
146
214
3817
223
182
162
391
157
164
1749
235
170
210
188
225
149
254
251
237
454
250
212
203
2388
85
275
170
24214
130
137
226
310
156
295
175
185
371
182
175
3930
268
193
181
142
316
203
362
160
357
113
122
227
154
183
152
115
123
329
155
2361
85
280
43212
250
176
296
267
230
313
159
131
144
161
33360
269
102
290
351
153
155
211
219
244
472
311
2584
192
126
235
326
148
257
175
141
379
146
215
213
311
246
202
297
1615
5886
146
242
304
206
291
309
254
279
225
399
179
1088
571
465
217
187
252
142
406
816
313
170
104
0
158
175
142
104714
208
222
168
221
345
3693
304
231
5572
153
296
4515
145
1127
290
116
279
249
211
154
206
99
214
117
147
493
87
311
30
177
152985
257
429
395
102
1676
3682
344112
240
195
252
141
739
108
152
184
157
156
135
140
202
1876
135
678
103
222
235
166
351
139
161
145
194
14474
140
123
160
130
290
298
122
201
352
274
412
153
240
171
143
118
240
130
183
119
113
252
219
789
239
254
1776
217
29668
158
10183
344
173
151
193
78
167
140
290
279
246
246
114
241
262
960
245
294
250
156
157
346
127
219
188
308
134
222
115
233
336
280
117
292
286
229
114
200
148
151
122
144
641
211
4542
135
154
157
101
193
146
248
121
4715
9928
199
232
212
249
104
155
1155
271
393
304
196
171
355
164
153
2831
11384
94
3913
295
315
151
347
299
175
0
323
95
255
287
294
147
1161
313
302
5065
33790
125
319
168
155
147
369
290
300
136
347
324
47
347
164
196
223
895
1746
132
1198
108
315
372
307
229
14765
152
213
225
58
243
176
196
211
160
248
239
198
255
277
346
146
149
90
130
184
151
113
181
120583
3691
160
233
174
2241
184
124
283
271
1409
86
16546
165
198
322
278
159
227
64
238
133
1162
147
204
122
224
122
396
238
158
158
434
4156
269
26138
281
1319
144
30592
1217
317
142
148
228
405
278
293
54
3385
169
242
6998
295
166
304
172
146
89
116
191
188
53925
131
118
81
492
5078
294
178
200
2265
326
205
169
118
170
35434
4776
184
44518
157
323
173
329
72
106
135
187
209
157
784
155
146
92
156
27196
167
3767
129
220
190
68
340
145
175
139
166
1421
812
157
129
167
285
427
217
500
516
218
288
138
492
368
202
9803
222
209
193
97
245
189
35217
169
236
141
232
1747
312
209
371
283
345
251
200
324
275
356
192
164
162
231
236
683
220
156
136
179
1289
202
5929
3256
576
609
5707
169
69388
374
138
722
179
159
256
158
1350
449
265
332
109
265
227
92
0
246
146
207
7338
245
160
333
260
203
109
136
141
0
150
299
280
225
106
141
186
154
246
140
276031
174
123
428
218
232
7249
2441
19080
66
141
166688
175
280
248
74
196
115
120
128
3368
232
150
160
118
147
162
618
1800
242
179
377
178
3027
513
120
218
114
162
147
170
173
172
266
322
147
231
187
342
3446
197
250
44202
348
321
163
182
199
320
6325
184
93
239
200
254
284
269
353
323
241
10774
230
177
160
367
131
572
307
121
9384
2004
146
141
104
151
165
171
931
160
7296
123
208
2053
251
155
159
241
612
210
165
215
133
276
89
167
421
181
157
274
364
137
604
197
146
382
261
735
746
235
180
175
193
1822
255
155
279
1212
133
83
176
13726
99
257
353
197
169
206
144
139
346
488
183
5719
188
102
289
212
230
178
265
241
371
352
613
124
284
4129
22495
131
165
1533
255
200
174
84
140
235
240
252
221
1736
933
15042
181
170
224
116
119
256
175
259
348
234
156
119
204
8087
27485
2532
158
133
162
234
118
118
287
224
304
0
160
61175
130
110
139
186
880
283
142
151
141
2721
34134
182
115
201
28352
362
198
52
186
16421
24481
195
245
187
135
138
18416
345
207
134
218
211
405
78
200
5073
2922
231
132
185
2690
154
153
184
161
935
561
269
276023
175
153
366
126
140
152
268
222
317
109
336
301
15479
228
177
348
154
147
312
201
1158
276
176
706
227
432
196
394
158
205
128
463
128
166
211
109
470
332
115
201
269
262
52
173
162
178
193
321
1636
457
299
37832
138
433
4422
322
305
154
431
141
342
137
233
142
6929
200
284
164
101
131
184
262
219
197
281
146
147
250
170
384
338
257
84
152
263
129
160
335
290
361
205
176
163
165
315
185
306
0
153
359
151
182
161
115
228
139
159
42337
94
234
269
140
261
171
208
2524
19990
175
167
304
565
149
243
279
15172
348
148
260
889
315
155
27058
173
208
16369
271
2639
174
182
226
205
335
124
1782
160
174
813
140
227
184
8778
99
344
132
288
289
550
135
1071
234
216
106
101
241
4923
152
114
131
12384
159
117
265
124
163
229
147
292
98
326
1571
177
325
15878
140
175
286
164
408
118
198
162
225
176
155
56
115
279
164
99
351
260
152
158
626
337
129
133
146
176
210
112
326
107
155
131
189
184
259
74
183
207
194
211
8002
162
292
125
500
176
183
403
268
166
274
208
155
130
344
264
259
4394
380
132
154
317
253
267
152
177
212
118
604
130
193
2527
168
98
138
197
147
162
147
454
364
135
268
253
339
261
168
1281
354
250
204
15794
142
176
207
14126
161
167
197
152
152
325
208
147
2657
258
250
161
151
128
169
152
255
177
191
201
154
129
104
152
211
218
157
266
149
4251
195
146
207
152
191
92
178
2300
186
217
322
270
188
169
168
309
183
280
148
126
1256
293
272
109
3961
149
2258
79
148
627
2220
2211
192
111
263
208
183
1633
419
154
450
154
129
303
185
163
180
388
298
112
165
165
261
297
150
148
154
2847
153
230
192
156
180
5986
175
277
28125
474
173
261
157
135
190
141
125
282
208
506
211
279
214
288
207
128
312
150
4276
117
150
1833
141
292
89
443
437
163
53024
172
169
315
16361
151
126
20139
246
1709
1541
3608
163
125
182
139
166
8523
78
381
191
350
173
358
198
100
9005
315
294
106
283
255
278
2276
102
188
204
160
125
2476
126
176
174
139
374
293
4363
253
169
926
1811
288
137
132
361
165
111
4990
106
423
164
311
255
286
183
217
151
581
177
202
364
416
277
193
232
125
524
157
9326
246
169
4839
136
318
158
214
170
141
156
155
298
3394
164
229
354
414
0
398
157
258
274
189
327
3641
154
380
29363
215
167
242
176
187
150
314
277
131
84
192
296
153
2667
227
3935
1979
242
362
235
95
383
85
190
101
147
129
175
157
151
259
162
161
181
198
144
0
312
161
296
106
178
19381
160
361
152
135
169
121
168
266
219
86
215
228
225
202
13397
216
198
4771
253
7254
57
6874
126
154
122
254
149
640
129
452
300
131
163
364
340
430
141
133
231
1685
737
88
141
3395
275
303
164
243
138
270
157
111
235
234
158
407
1860
154
135
229
2276
90
348
139
5524
2015
134
58
688
204
238
338
152
211
376
149
131
131
239
496
5587
5401
274
317
534
163
536
165
152
155
296
150
225
431
159
148
246
230
286
25999
302
150
202
240
234
254
141
472
449
141
104
780
150
192
179
179
215
214
0
3198
289
198
0
52
304
178
170
296
146
326
272
155
230
142
175
156
126
236
210
195
5443
164
3298
235
265
99
194
42440
48667
319
146
155
156
470
139
315
931
148
275
270
341
392
288
282
63339
2853
303
284
278
310
2719
154
5045
195
6691
427
239
154
159
173
325
331
2049
51
96
298
2241
259
6386
4070
146
7917
183
267
1145
339
184
356
163
403
6963
245
2053
110
268
187
126
261
184
121
1393
172
5066
158
138
112
227
168
119
942
230
178
138
178
318
18216
253
173
255
209
360
137
299
3094
207
412
120
167
186
82
64
151
315
184
295
115
276
248
176
356
1203
381
148
298
158
177
110
283
211
215
121
5139
464
679
197
403
424
140
247
276
226
166
168
334
184
173
149
233
148
150
6714
166
249
256
118
219
199
135
3789
92
157
13443
229
126
128
4119
178
151
276
247
526
175
7731
157
150
191
5165
124
208
291
262
335
232
282
580
3879
98
208
1552
300
384
2315
565
372
213
401
105
219
270
193
264
3198
126
199
112
136
219
353
150
262
7800
34194
8070
152
435
133
129
199
200
261
3293
372
218
227
114
193
127
129
3731
120
72
340
305
160
138
175
173
416
769
5320
169
208
81
0
212
129
213
132
172
188
809
140
129
153
301
288040
152
149
156
116
146
2822
182
1002
276
328
280
2352
134
1651
203
63
80
254
153
286
151
266
161
148
214
247
370
193
2000
6820
15285
120
165
869
260
168
180
168
153
260
295
143
159
135
264
123
268
186
190
131
143
1386
957
167
299
273
5679
256
4503
513
2502
267
243
174
185
175
115
206
173
14134
219
45
2142
187
279
248
155
110
172
158
150
164
317
167
441
246
136
176
162
194
216
270
291
246
148
7434
6443
38914
182
229
4074
1136
111
325
147
148
173
306
4591
158
130
71
143
244
78
357
305
237
201
358
312
152
168
75
211
223
350
205
119
250
136
294
364
124
105
178
2524
150
314
192
216
303
169
156
213
96
104
215
236
138
459
235
131
393
258
303
154
150
527
4786
211
149
207
21378
125
343
197
204
202
128
145
122
262
147
151
258
133
307
174
6195
456
150
206
298
12082
169
293
255
223
126
179
205
126
155
374
173
168
229
78478
163
156
164
401
220
268
157
127
213
259
42455
134
215
158
176
234
251
177
589
166
186
192
162
227
163
202
317
251
147
213
237
157
361
332
245
303
147
218
493
170
113
143
179
336
299
373
158
155
191
135
217
267
179
272
558
270
218
6367
347
255
242
171
472
276
244
214
136
206
7488
217
120
92
167
220
377
178
98
968
204
147
164
157
152
299
3332
141
264
160
130
401
4569
75
424
278
363
330
388
159
9838
3955
143
153
328
13312
178
198
217
414
92220
831
4108
554
145
260
94
246
308
221
281
227
116
219
1432
59
266
219
137
219
281
128
154
9391
221
130
153
196
2838
171
155
244
3323
307
134
373
158
240
106
3836
155
256
165
119
149
548
214
209
3378
171
224
242
280
222
146
173
184
197
3899
153
19406
175
120
337
165
140
151
200
314
152
664
330
364
201
53117
242
222
222
353
294
767
106
176
225
461
191
257
131
2233
187
335
113
74
139
248
380
395
179
212
321
278
222
312
205
276
275
190
5732
287
189
298
446
141
184
2066
245
481
446
252
461
124
352
220
149
167
121
317
184
208
283
167
178
23728
152
210
148
362
413
6047
189
176
189
256
330
203
2887
133
59
224
321
126
286
300
0
168
309
267
118
279
214
140
146
422
423
24427
142
298
160
138
142
0
228
152
13453
142
231
231
106
2195
186
182
216
155
277
279
158
154
248
278
203
122
108
221
191
314
140
243
100
269
230
158
489
134
324
393
496
267
391
209
44
132
128
247
146
171
273
259
156
199
519
185
1089
0
182
148
1822
276
33568
258
345
266
262
198
0
548
125
158
215
11929
181
165
450
177
172
5672
277
188
266
126
867
301
176
250
133
207
147
164
145
162
317
173
220
243
219
236
124
149
146
159
160
272
153
289
134
396
162
307
176
207
248
275
93
257
516
212
62
195
172
184
75180
744
276012
246
367
159
202
133
159
321
163
336
580
229
154
90
241
264
184
615
158
690
162
140
154
276
1591
28397
194
1594
561
281
338
1938
142
170
165
161
219
328
307
187
164
153
159
1812
161
222
227
136
385
189
112
1291
299
258
4284
205
128
210
434
226
196
259
70
285
192
61
170
338
7937
275
168
240
80
143
250
152
136
267
85
188
35574
165
154
280
91
324
108
151
186
202
210
234
886
151
162
118
263
104
180
211
182
150
144
698
129
410
154
200
196
123
2067
276
543
166
972
158
238
1083
233
122
112
287
147
164
234
301
170
265
264
167
160
21681
119
405
182
265
230
131
189
237
142
3295
106
139
522
126
4872
14995
2622
1487
272
145
321
265
109
244
276
242
183
366
124
184
408
392
964
173
379
155
310
112
511
1466
598
29050
115
133
261
290
263
281
236
115
218
312
427
283
216
159
244
74959
2364
8136
176
227
308
246
243
260
390
174
213
40
145
119007
150
478
239
276
164
391
184
262
232
176
19216
98
148
275
79
233
156
393
233
122
115
213
290
245
162
15175
153
130
124
213
4485
154
234
795
148
269
278
289
270
243
248
87
135
182
205
179
222
155
1150
2138
164
154
192
173
164
169
1644
265
126
333
125
165
236
126393
256
176
280
348
293
137
561
72
309
277
412
112
150
210
164
181
110
266
159
217
242
135
2533
226
344
243
132
274
175
1733
156
224
154
194
384
171
2461
119
226
146
260
146
147
145
146
917
334
132
262
966
117
194
251
242
191
124
221
176
195
165
156
226
971
1526
249
7020
153
2000
198
276
151
150
173
256
151
202
140
140
334
301
515
336
297
164
146
8966
280
278
122
167
168
189
119
155
163
177
602
313
90
203
258
187
380
2885
263
138
232
214
163
221
240
235
2137
510
496
312
0
279
173
124
533
207
218
167
121
144
154
289
1392
162
86
136
480
254
158
186
133
270
223
192
401
103
149
395
66
291
25999
165
196
143
3938
356
316
126
184
167
248
258
701
1881
209
5231
87
164
171
262
404
237
162
17625
5145
160
440
1767
133
380
279
159
184
231
495
162
220
130
179
199
157
152
202
169
147
150
115
166
111
228
294
230
124
201
339
232
193
1644
229
3272
1025
178
8113
189
274
156
164
38117
155
121
181
131
232
149
64
4330
392
147
5687
18791
0
236
237
543
251
137
381
190
125
168
264
243
263
250
335
281
337
162
127
273
1987
40
191
240
308
115
162
5740
338
193
296
157
120
289
138
457
149
157
154
84
128
176
106
187
238
246
120
178
133
127
613
122
370
257
232
1018
258
732
289
329
158
158
313
82
10519
0
205
247
140
126
1786
985
246
0
262
234
372
120
656
188
308
269
162
199
172
304
216
282
411
206
79
117
177
203
323
253
5676
369
209
199
47
382
222
158
323
90
219
295
155
294
150
286
250
230
183
232
161
197
421
251
4947
383
257
1863
142
225
179
244
56
102
5148
285
1536
169
131
363
117
183
75
1204
70
324
254
1958
174
158
133
244
364
8519
162
207
249
159
197
122
166
137
4083
165
285
300
2972
68
176
587
162
2443
214
111158
10304
177
49
244
241
203
157
319
132
281
46
2666
8334
328
122
285
328
125
186
117
378
154
165
143
135
179
306
1553
296
449
248
262
236
703
192
127
226
212
1010
161
169
274
157
167
150
163
406
157
8515
227
215
289
171
168
437
275913
3113
288
5436
274
220
351
348
497
398
133
129
100
301
149
302
281
140
194
787
266
107
9736
150
166
322
161
157
221
121
366
119
242
2752
121
366
295
275
201
123
187
148
147
234
406
146
218
291
258
260
167
148
287
157
97
200
7205
157
179
10331
162
101
277
104
250
144
149
150
154
229
106
144
359
2727
228
224
187
228
298
237
271
145
382
141
270
293
119
249
149
1493
167
122
221
163716
54
122
301
167
265
271
155
156
123
141
236
161
128
21950
115
127
171
67025
162
8416
197
171
364
139
82
162
134
2769
115
179
250
143
233
153
2940
169
125
214
1856
161
200
224
220
170
219
145
7139
158
290
520
206
151
257
231
5647
60
147
179
396
262
135
259
237
4177
1530
159
79
290
171
250
187
152
169
134
184
167
239
145
235
321
406
154
420
167
152
145
1145
181
128
90
231
166
124
1228
174
294
136
194
314
1857
164
16422
166
257
4431
0
187
99
237
132
46
47
232
278
458
305
167
12399
241
314
133
149
242
324
316
40
746
230
194
173
106
4116
96
149
154
134
288
2029
384
158
3379
138
3988
185
254
221
193
161
187
635
247
151
164
253
272
395
109
149
132
324
177
315
156
125
80
141
340
669
275
581
213
185
160
161
91
160
336
379
221
233
6617
113
307
189
152
216
290
171
200
111
252
144
260
177
347
77
122
158
366
165
150
130
229
300
221
310
155
274
378
171
296
165
312
3342
69
330
629
135
159
197
1795
167
159
156
102
302
149
260
0
253
174
153
213
52
190
225
278
146
379
244
126
171
250
1283
147
265
116
154
223
265
274
152
254
1217
156
354
198
344
24926
793
299
179
158
182
184
235
177
162
58
157
9006
175
238
200
1486
214
99
144
140
704
162
363
970
1712
199
383
141
181
192
1904
259
165
143
24160
100
398
148
272
122
312
101
189
152
485
174
148
367
131
144
38707
155
162
267
184
202
784
384
1406
161
45
195
150
266
178
192
205
164
1026
360
149
177265
176
207
27929
95
247
128
2497
105
150
223
224
255
164
191
176
400
140
255
89
157
252
140
254
371
191
132
189
263
138
122
153
17994
311
320
364
163
360
338
117
159
351
340
5034
879
230
267
308
242
286
244
157
224
159
286
249
231
249
392
255
110
468
239
280
177
129
176
164
144
275
1074
140
288
140
185
161
223
160
443
257
636
151
273
262
239
511
137
153
529
141
193
145
30422
170
276
1947
4879
132
183
58647
242
512
217
326
202
219
131
50551
256
278
140
265
314
140
179
675
150
709
197
423
250
383
132
55096
422
215
117
391
137
163
184
276015
173
0
156
140
130
261
126
7383
265
231
150
40
269
148
256
214
387
124
341
267
147
117
228
79
134
228
3263
313
221
161
209
130
196
104
281
147
156
218
166
252
314
0
159
146
158
330
4478
152
1561
159
134
195
315
118
113
242
176
10359
158
156
124
141
236
160
197
111
166
171
339
232
156
78
376
239
223
92
167
149
114
172
400
180
144
204
169
166
56
1841
349
408
179
19520
242
3345
337
151
136
93
248
162
218
295
198
4401
796
280
2173
4615
176
268
153
117
118
146
21830
341
176
131
302
280
144
343
369
313
238
283
158
139
734
140
215
235
228
114
532
389
276
504
143
198
113
228
276
241
178
2239
161
296
157
268
86
10088
106
30034
241
50
368
281
216
150
200
135
144
264
105
160
246
246
132
76
761
157
169
202
157
170
160
167
269
176
4632
154
3949
167
138
140
68
153
614
361
145
198
333
174
202
29150
308
103
749
246
293
25965
262
125
103
145
413
131
240
339
452
132
198
368
141
243
216
199
145
173
128
96
156
905
4117
302
165
608
154
780
146
283
170
102
168
160
164
209
21654
155
64
19316
693
139
154
601
249
222
157
244
2963
145
206
166
302
1165
131
230
51
161
904
196
142
221
235
181
144
144
196
305
138
347
289
186
5573
8324
149
277
165
143
184
144
171
179
180
338
237
275
181
148
1515
239
185
31
174
162
145
287
246
252
174
246
147
174
41
4925
1279
3370
298
176
155
1799
106
4063
155
3772
243
2591
4343
301
2417
172
1459
394
162
122
37931
396
166
140
282
127
220
187
84936
350
335
177
177
292
130
376
416
170
152
168
139
754
143
148
317
236
207
434
189
499
232
375
152
29323
153
154
4146
155
117
231
2215
225
355
140
148
277
104
266
129
290
1095
220
142
167
157
162
324
126
146
311
176
218
391
99
147
161
21488
163
525
301
322
328
179
176
314
179
365
238
154
0
141
681
246
168
149
148
1439
139
142
201
147
264
185
232
171
593
109
198
272
281
162
191
308
85840
426
318
86
208
267
164
144
177
185
298
201
88
160
169
190
126
160
389
247
4181
187
122
326
189
801
214
248
165
13126
145
313
185
421
251
66
364
157
171
5627
140
147
221
147
10339
265
151
206
159
166
138
91
0
176
124
164
1077
583
1044
285
157
147
1949
159
217
275
196
168
278
777
80
130
321
164
207
200
114
246
149
151
183
119
226
1648
176
334
156
193
142
158
170
158
108
178
211
216
93
219
156
762
1700
167
174
150
132
191
125
180
263
151
239
230
162
214
371
135
0
721
293
93
196
204
75
370
230
258
2074
266
143
380
193
291
161
165
109
273
11648
217
282
151
289
303
219
932
178
147
14494
262
145
218
1523
297
136
290
821
369
392
135
284
124
259
178
284
150
493
563
204
178
73
161
247
184
236
165
80
183
148
63
189
160
270
244
161
281
340
363
1138
127
124
197
0
282
251
218
7681
223
197
1311
121
961
300
172
222
360
392
187
256
194
150
332
140
152
187
606
160
15426
196
293
313
110
180
146
326
175
290
161
2189
178
132
5608
78
119
7822
171
727
189
165
332
166
300
241
129
266
267
214
299
351
1132
24736
145
161
168
260
312
1486
278
149
166
379
181
9767
333
221
163
164
162
302
160
149
221
235
146
207
366
196
149
106
258
156
142
206
125
134
249
157
157
201
164
267
68
360
245
164
98
131
171
178
135
163
149
144
168
320
761
251
154
83
4074
6309
155
200
135
20741
170
257
313
153
152
1379
304
104
128
234
87
225
156
252
189
780
77
154
203
377
191
286
237
212
172
184
20561
129
129
131
5238
171
292
268
246
183
331
201
162
156
247
180
215
275
123
5246
244
104
283
285
162
136
240
239
119
377
130
128
153
418
85
1124
515
441
264
127
221
3055
184
0
141
161
372
303
118
116
3252
352
607
41
134
173
164
49
82
199
5853
331
177
197
152
14931
130
66
106
14627
159
143
448
162
150
217
262151
306
127
210
154
229
220
85
151
120
149
161
195
150
253
134
110
230
352
175
142
10414
4171
534
56
276
1027
1020
1418
255
260
153
381
357
191
266
278
82
141
158
177
311
122
327
3928
297
306
143
164
2130
96
153
118
210
113
170
159
322
125
158
268
160
9685
252
171
297
160
257
273
235
142
174
241
174
297413
269
313
277
197
3039
292
253
128
138
229
242
226
164
3305
202
160
237
308
189
350
20732
197
135
243
217
1132
388
188
204
28210
133
151
186
164
268
280
291
735
133
180
210
1514
212
75
4065
159
167
40014
237
200
141
240
16571
717
12698
380
166
119
86
11774
155
229
160
158
161
169
297
150
431
192
358
162
151
167
172
170
3340
138
241
266
262
1068
145
188
128
499
242
151
187
318
9173
321
222
3418
219
155
263
182
210
220
179
107
160
149
221
6924
214
132
169
337
143
119
341
148
75
272
11828
245
2256
118
165
139
18147
500
162
313
114
168
390
157
107
218
154
211
120
120
368
4763
175
149
15151
107
5647
145
227
260
356
202
208
0
228
132
173
223
968
74
210
171
173
247
163
145
211
335
302
204
108
135
158
7368
327
111
104
117
132
124
232
2641
393
427
169
45
261
150
219
7337
3981
455
235
213
208
123
256
122
95
210
413
1747
156
213
345
175
5117
276
149
170
186
5728
206
7350
535
285
4356
292
283
149
155
273
82
125
270
280
49103
242
242
173
1903
351
156
203
157
196
1574
6439
127
306
218
124
29274
248
156
294
21704
197
534
148
514
232
232
170
158
155
154
177
269
358
128
218
148
231
209
128
167
146
3794
2782
357
156
119
1151
178
92
359
303
160
312
155
140
285
143
42823
173
343
486
293
252
1289
152
71
149
164
15771
454
1546
302
140
88
189
206
20947
378
257
249
175
125
249
657
235
172
116648
57
164
205
144
403
5506
213
58
172
152
318
273
334
167
165
279
214
266972
176
266
443
92
156
6553
141
84
248
213
410
161
191
464
300
115
8511
133
123
300
528
20839
299
6478
223
329
254
363
125
200
122
186
120
256
332
3840
268
285
341
227
593
147
194
135
247
137
160
148
65519
168
346
1479
149
220
130
323
260
144
134
159
304
203
1954
2427
246
149
163
312
160
156
161
146
163
203
201
137
284
140
218
165
188
101
415
4189
164
222
237
309
86
217
2501
159
1044
243
383
152
163
203037
151
2783
712
254
21369
242
151
175
125
150
244
182
234
104
322
148
129
106
386
170
263
230
150
1218
136
111
102
147
662
384
472
229
113
54
298
507
256
228
208
2615
179
193
228
342
147
105
247
263
2477
148
146
153
445
310
186
205
152
568
161
190
10507
3471
108
133
116
419
61
135
260
183
246
119
4679
110
118
248
131
104
226
1057
351
275
162
1762
179
156
74
140
158
248
335
215
98
348
179
110
183
124
376
170
149
272
191
204
58
114
112
18869
3957
43
0
214
179
290
1187
155
272
143
498
147
1767
1749
153
172
374
121
159
217
291
252
138
27514
124
248
315
255
195
200
128
200
260
169
8387
174
306
116
233
159
153
9085
293
182
6021
328
259
53
148
648
201
176
184
64
664
225
143
132
161
165
199
148
272
155
403
138
351
149
180
108
271
631
1209
214
393
148
187
191
419
206
160
172
108
165
143
105
215
3366
233
243
151
125
190
115
267
326
154
171
96
302
162
247
93
271
149
165
459
212
158
220
184
189
295
160
265
243
148
153
240
205
313
151
290
352
241
224
186
311
280
77
236
307
155
126
203
392
353
292
71
227
370
153
159
190
324
335
168
237
300
252
8744
158
54
206
232
146
134
126
474
114
132
141
692
178
128
206
158
846
335
163
205
257
1339
291
297
202
380
273
183
273
163
289
1745
395
164
153
381
147
413
237
139
180
142
392
169
37544
73
108
1300
159
261
224594
147
98
137
165
4565
200
96
922
165
198
199
219
488
0
122
284
199
198
226
303
169
6014
97
160
6208
122
178
151
288
124
111
158
136
229
48
144
157
150
92
158
331
214
152
298
380
177
261
226
119
234
147
337
215
153
379
156
167
478
250
128
233
434
433
228
126
164
162
240
150
146
159
257
30524
164
355
35
252
163
297
93
161
100
293
163
127
139
103
90
165
196
143
404
376
389
177
180
138
138
284
298
3478
215
278
167
282
5317
196
132
132
251
8392
194
287
140
42
293
155
7933
231
1292
136
25610
103
242
342
198
154
124
128
156
253
714
172
296
152
119
120
451
1950
139
238
313
253
347
380
2839
163
117
166
475
196
222
181
124
213
138
102
158
168
320
62
303
146
158
312
318
312
8551
164
188
164
137
250
7438
173
198
213
251
220
183
138
352
238
111
182
169
160
331
175
201
325
916
476
188
148
66
166
169
391
214
126
194
144
202
552
174
5149
101
122
161
147
280
127
150
168
195
164
274
258
216
109
242
187
222350
149
181
517
173
260
155
146
165
387
165
150
357
169
149
151
2357
134
132
93
158
166
66
22415
170
177
155
1875
106
82
157
152
283
212
146
144
1950
240
141
221
275
20043
135
241
0
141
319
161
372
150
287
108
155
6048
66
776
213
115
249
242
166
41345
1493
262
184
244
308
134
2564
159
169
132
2419
420
193
205
205
198
158
287
19941
161
170
121
193
0
135
103
244
209
256
41
193
363
3931
268
176
348
153
303
121
227
263
230
149
162
174
162
293
31
289
246
140
155
150
9356
188
185
0
7284
188
287
191
5742
102
278
340
353
124
186
47
309
199
235
239
99
353
149
126
10550
144
178
116
154
314
164
138
241
422
152
166
235
217
247
147
87
191
260
159
52
8733
41
145
236
156
165
190
164
303
148
152
136
89
228
175
106
334
189
143
465
273
158
379
288
118
255
224
128
254
479
12354
175
321
134
158
4908
99
272
268
228
163
100
285
220
211
220
146
169
223
278
325
352
172
1739
399
685
172
132
112
119
79
265
676
435
119
213
108
128
210
4602
223
110
487
1553
172
307
289
125
359
178
164
225
209
31
176
156
165
260
163
242
142
139
195
83
154
3544
209
2958
265
234
249
383
0
119
207
113873
236
14322
178
316
280
305
123
197
452
297
288
117
495
151
6752
147
2271
145
217
133
290
158
215
715
260
153
313
151
229
156
121
1279
247
160
248
330
106
123
270
273
165
235
342
153
208
301
125
377
133
410
1828
177
383
1440
292
206
780
207
165
188
160
154
148
141
88
359
65
137
368
200
209
6360
257
171
158
234
226
288
9247
236
98
182
166
153
360
1982
140
266
253
155
6480
149
7910
187
201
102
193
289
0
146
143
174
301
170
217
338
345
236
550
114
195
207
132
117
298
150
85
947
315
292
9005
149
4929
203
10094
293
155
160
315
246
130
219
149
180
237
356
2801
108
139
161
129
257
308
149
290
2059
265
137
347
247
4476
162
173
306
144
247
4170
180
110
167
170
241482
266
238
160
137
328
375
193
283
159
171
135
159
203
233
302
68
174
102
155
5449
654
7902
202
148
242
142
160
144
146
193
124
473
120
105
190
193
164
247
102
110
302
274
132
126
7699
95
233
181
134
178
167
297
250
253
116
165
3474
179
154
225
0
164
237
0
308
296
138
97
317
120
378
225
28206
249
398
94
98
148
303
181
262
318
0
238
168
178
263
241
311
182
241
61
236
373
231
2215
11435
259
238
134
699
75
9789
112
149
3759
1328
229
329
158
155
299
243
152
280
309
356
141
153
242
287
180
293
144
9463
705
109
243
139
284
280
192
236
182
160
230
112
164
216
118
199
105
130
117
75
258
168
201
383
176
402
149
145
251
280
178
224
160
219
7389
11758
161
4795
7301
141
293
2208
213
126
5991
136
325
156
164
159
187
169
260
151
135
103
136
75
222
5088
162
198
335
95
180
20380
216
85
128
296
238
241
168
208
226
171
12847
160
169078
174
200
0
154
78
162
181
107
167
399
236
154
126
253
71
126
3972
146
76
179
166
135
188
241
305
159
623
357
144
169
739
169
367
152
262
94
170
358
143
105
229
331
178
280
342
402
172
95
280
2165
244
220
222
170
273
4510
160
106
1808
128
0
281
232
111
6850
138
30993
137
127
274
267
190
103
174
2322
678
225
167
286
741
146052
144
288
156
158
230
144
346
263
277
5348
386
230
185
26963
1045
339
256
155
244
5509
109
260
161
140
149
133
246
225
97
202
325
176
140
350
188
207
151
8533
123730
303
795
220
314
138
169016
177
152
199
265
176
287
125
201
282
216
177
199
232
1957
161
308
144
151
259
166
301
141
1291
208
177
159
149
266
281
189
161
152
295
161
148
243
3214
726
130
150
177
135
187
343
164
116
129
146
136
42439
787
0
126
159
188
190
230
5944
149
119
280
239
176
235
164
148
451
304
179
308
149
381
153
188
225
152
206
165
156
74
99
2433
257
240
154
160
177
194
277
105
243
608
118
215
122
181
96
747
91
130
299
1921
163
295
1640
277
4879
186
151
159
300
177
139
200
43916
160
168
141
178
172
155
266
19440
31
281
831
131
160
398
3970
187
177
3242
118
379
127
157
62
722
150
38580
10359
203
139
261
166
1595
229
213
177
155
185
161
205
169
240
321
257
335
182
3447
220
293
389
194
118
1358
116
152
176
206
35
234
165
136
863
105
144
183
123
305
384
224
373
115
158
1937
153
394
161
94
116
171
298
89
213
126
189
302
163
164
258
127
231
299
305
295
2488
151
124
167
194
273
154
176
316
355
433
92
158
122
439
67
161
302
263
15831
141
146
228
238
170
112
350
307
287
124
2531
357
200
160
145
145
122
128
203
238
149
216
71
223
315
226
1186
253
157
252
165
200
98
154
272
316
283
286
167
193
221
163
0
3815
133
211
128
163
439
169
158
206
50
173
272
10885
40
328
171
428
142
205
48
0
354
962
160
164
137
112
327
346
506
16529
171
155
236
188
191
7383
166
295
130
307
494
152
144
195
140
339
269
242
380
165
166
284
150
223
405
311
1280
177
153
105
141
190
231
262
186
162
369
352
267
233
167
115
0
249
259
191
194
201
128
149
395
158
137
3637
388
242
93
140
845
273
163
425
175
146
152
132
172
221
220
155
296
211
280
153
150
4050
180
244
242
431
149
283
292
260
72
1580
169
149
174
218
299
183
157
2860
184
153
208
138
305
286
178
177
219
158
124
183
120
179
275
169
390
249
345
191
143
302
262
165
41001
83
16149
122
110
245
2089
185
451
283
0
172
188
270
3666
230
230
377
281
273
292
385
158
176
228
4170
257
114
145
171
216
250
363
267
1282
156
394
176
89
186
162
162
280
149
169
341
24262
51862
127
184
148
642
355
136
258
139
234
13856
6749
234
255
142
160
242288
7905
12445
133
365
1742
136
185
115
298
11935
176
137
228
957
220
198
141
119
182
162
812
152
168
294
319
1357
442
1707
177
59
150
110
221
105
310
199
107
150
157
163
87
281
353
62
187
262
474
211
114
320
178
259
44
9959
225
803
159
165
114
349
77
161
231
0
160
133
191
337
286
276
127
146
61
154
223
147
162
138
140
77
259
342
115
198
321
331
99
307
196
339
415
254
186
501
3549
227
119
120
335
959
148
2609
230
92
173
375
377
451
150
1272
175
176
237
152
271
390
119
160
364
110
163
144
317
140
255
258
134
315
170
221
119
340
333
13491
149
214
136
53
160
266
348
67
96
874
232
166
99
207
127
109
124
181
183
238
63
332
219
171
194
149
9405
207
147
173
164
163
173
183
181
201
216
172
148
184
135
162
129
155
163
138
426
174
145
168
138
308
234
387
311
237
155
291
148
284
276
150
7983
146105
76
439
212
53
138
251
1816
175
152
186
4826
3780
311
157
306
233
155
129
321
182
140
134
3305
20442
133
278
211
155
107514
425
228
146
148
84
185
197
131
153
140
161
179
2401
314
102
7907
267
308
173
157
75
82
158
163
263
127
190
118
167
147
147
163
241
15588
45
206
135
176
2169
314
132
140
152
231
252
199
149
53
251
249
194
907
282
244
481
425
55
166
86
235
273
246
219
83
322
316
169
106
250
364
289
90
176
513
200
109
151
83
173
36228
151
172
271
7945
134
190
129
149
304
177
157
66
1433
175
97
208
168
130
38
136
1496
131
127
10059
191
144
400
183
126
144
201
164
62866
147
296
215
193
5556
163
179
166
275
682
133
175
1099
117
227
165
199
125
4115
130
273
951
447
341
137
157
326
139
123
134
128
1325
215
177
159
308
337
200
219
186
169
344
79
101
292
199
510
176
149
166
28756
121
250
219
344
369
197
157
126
114
163
156
163
136
302
167
189
171
256
192
202
101
138
676
200
255
477
116
351
223
119
144
1279
155
1105
170
150
259
317
137
22334
16402
143
139
228
272
364
232
9771
281
239
19890
273
174
260
183
159
226
136
179
174
235
13226
131
175
342
125
234
159
184
1398
180
487
0
263
303
185
161
16872
221
227
99
161
200
186
231
257
220
333
211
150
233
275
244
111
92
200
256
250
243
203
18349
1067
268
464
89
179
283
187
137
2624
182
948
34
8252
272
187
256
299
149
191
156
124
921
152
274
328
4182
248
185
320
129
131
285
33560
198
112
242
134
243
196
5623
180
156
5316
238
1257
225
147
124
141
175
244
496
205
219
165
164
7796
260
205
79
146
12534
152
52
397
171
221
11505
165
122
225
135
114
223
322
196
243
208
206
149
250
176
219
216
2340
121
34
270
287
148
292
246
147
183
15798
237
147
132
167
285
369
0
0
181
276
140
150
10582
335
326
133
157
742
157
135
155
61
155
463
158
207
154
615
186
464
476
170
2854
3704
319
180
161
115
151
2669
434
219
348
86
322
132
195
110
210
262
17754
304
136
239
279
269
124
316
17279
5451
153
212
248
259
20726
136
356
335
240
164
198
77
186
272
334
288
145
130
138
448
10213
159
199
131
165
145
101
267
219
197
158
256
434
236
107
85
138
155
277
245
345
173
189
145
385
101
238
11690
452
1903
152
858
144
197
127
297
223
162
174
274
204
262
265
8259
178
155
131
184
247
248
85
11553
186
281
3202
165
185
196
261
166
74
197
230
161
594
1541
1665
95
338
94972
331
229
156
109
1898
153
362
58
183
83
925
234
123
91
155
180
332
154
297
147
179
183
287
107
42
444
29242
294
17023
203
626
229
264
187
125
128
145
138
198
2608
215
163
149
156
123
175
159
173
255
4007
331
149
155
304
154
209
170
121
325
1534
190
171
3110
38
178
160
255
218
113
255
198
170
300
159
131
299
41
1183
217
213
215
153
414
156
246
163
784
312
241
322
128
208
126
172
590
102
284
299
239
254
134
124
101
126
132
577
177
104
172
283
152
122
475
265
195
287
277
245
85
308
101
141
162
143
235
224
389
186
164
147
145
131
121
138
4779
295
176
269
145
40
140
261
146
330
131
135
326
245
324
139
39
172
222
216
3476
244
162
91
106
181
211
197
182
0
135
493
503
101
798
246
165
269
267
70
33
383
164
122
257
264
36923
139
156
299
181
1365
138
130
87
16004
145
301
4623
369
128
93
250
175
153
146
17392
153
209
158
231
308
140
142
164
0
281
183
365
78
143
2331
308
172
301
121
126
322
9852
76
136
5348
422
349
109
140
67
2288
292
105
141
124
145
141
114
193
348
160
95
224
155
219
8091
293
166
314
172
171
243
7071
139
138
166
153
1608
170
231
9560
240
163
120
220
178
581
360
30039
168
47072
237
199
322
9813
167
92
160
152
79
195
173
144
223
145
8249
378
167
142
134
157
244
222
183
333
330
993
211
98
109
304
198
194
271
219
879
146
157
56
150
879
125
209
249
174
401
142
166
283
123
793
170
96325
196
7905
293
115
157
51734
178
205
151
214
196
186
138
217
163
144
181
148
234
156
152
4085
280
160
124
456
166
158
227
75
334
70799
177
149
361
162
176
234
189
217
222
136
355
280
258
106
461
147
125
173
119
12884
231934
165
930
122
39878
94
141
186
171
229
132
130
4197
183
8438
322
294
147
128
233
220
181
258
177
252
107
184
301
64
148
1007
157
254
286
208
291
93
19391
653
437
138
151
121
91
0
176
265
88
159
59
6734
22338
122
344
273
135
2699
71454
199
154
151
114
180
125682
158
233
963
157
196
979
358
236
145
355
132
284
162
165
155
217
192
13861
130
256
171
131
271
310
233
0
339
186
112
108
157
214
204
129
64183
274
182
309
1553
127
148
293
176
168
284
131
85
109
138
178
204
301
300
230
83
157
9996
113
190
264
158
136
138
232
225
141
2244
169
245
1282
187
144
351
261
104
227
5587
179
233
290
157
178
377
133
117
220
282
81
70
271
240
253
1254
541
272
159
205
340
231
137
88
146
9953
282
244
154
442
385
444
187
306
299
276
169
123
246
233
302
254
76
143
161
169
119
252
330
115
10655
300
190
163
166
156
309
163
385
174
381
156
61
149
255
198
0
4835
179
291
98
277
307
223
39717
311
315
104
104
108
271
24328
315
180
50
166
169
264
90
199
128
194
282
144
314
274
186
109
247
313
273
226
168
262
191
229
175
1016
148
131
164
167
203
157
58509
159
159
164
149
180
222
160
116
189
145
55928
148
250
139
141
161
0
1358
199
246
362
146
177
220
256
262
140
136
561
140
305
165
149
170
229
90
89
222
160
218
276
174
124
148
603
291
107
152
43
91
315
143
269
118
224
230
152
1545
368
108
95
109
518
80
161
166
152
182
154
139
68
273
194
153
408
164
209
150
224
154
50
341
157
181
400
426
268
177
133
263
189
229
218
314
151
268
301
1826
132
298
535
281
290
193
159
172
301
224
854
152
2254
158
142
5483
131
177
941
44
599
163
122
1548
313
160
187
139
329
87
188
71
289
132
274
124
118
225
201
212
156
124
179
175
252
147
245
207
115
259
282
165
6522
191
1116
246
399
300
164
190
239
7376
10198
2749
6106
132
259
259
271
254
2394
159521
200
369
276
176
459
104
152
164
770
159
158
276
138
215
164
90
266
436
151
169
212
324
185
163
221
225
116
260
179
237
208
353
170
291
237
172
140
208
305
146
246
263
125
21314
199
106
191
196
152
191
114
267
104
18760
4908
133
489
161
262
230
161
199
343
2084
159
224
106
200
129
138
8678
185
329
206
1614
7789
842
411
193
3309
123
167
174
251
226
1381
297
319
0
86
164
142
335
229
208
92
2098
176
309
143
152
209
106
88
135
59
153
133
217
119
131
367
383
29126
114
0
1372
194
350
177
251
166
145
449
122
359
306
185
283
198
135
151
209
173
165
148
141
311
164
190
483
43
108
140
234
74
156
160
154
200
278
22657
1116
206
244
52
173
501
175
126
382
4966
171
165
65
195
264
124
211
136
166
70
341
253
168
158
173
310
187
