193
157
336
167
331
154
154
324
233
285
217
463
140
276
211
107
148
147
160
143
148
181
219
179
7381
165
173
220
176
165
225
155
220
282
224
329
292
173
236
155
286
202
199
75
159
395
363
145
132
171
265
153
312
167
218
180
159
269
213
181
156
125
40
215
256
202
341
281
18826
142
225
24732
155
328
143
1845
405
2227
283
229
175
398
236
2692
163
190
168
158
151
157
192
203
149
239
142
206
167
434
287
186
1744
285
155
265
105
287
241
131
277
4992
18810
304
177
158
359
223
214
394
131
194
162
245
377
150
155
294
405
381
157
164
198
39277
280
125
279
341
288
176
129
365
561
164
282
149
133
261
122141
233
353
2271
165
346
275
407
400
373554
247
184
2327
183
231
269
231
168
266
381
174
34
185
161
499
248
278
130
295
134
174
307
179
616
120
103
173
222
216
309
308
245
168
166
2518
170
276
81
156
3265
424
229
132
165
359
162
500
217
278
1568
158
183
269
1542
109
159
252
152
350
314
993
1152
144
190
16123
347
442
134
236
177
156
661
240
131
178
40087
437
276
168
241
294
3790
225
136
148
159
154
163
265
129
167
215
333
200
0
203
195
2736
257
191
146
294
265
144
310
197
120
206
285
304
342
237
196
332
130
0
269
158
164
185
22686
160
165
315
356
244
330
194
166
310
148
174
16714
270
205
99
121
101
5323
169
162
571
276
218
356
156
195
208
231
186
172
277
184
78
464
151
233
215
154
399
145
1416
3251
321
341
215
819
113
163
139
1662
114
126
347
3182
242
155
212
262
76792
95
142
6299
259
297
1154
163
290
97
370
267
157
1067
138
1431
697
344
1951
773
0
281
175
239
82
261
152
137
233
154
163
162
180
328
243
154
65
3279
158
181
65601
118
191
214
5994
134
121
204
25846
175
251
767
357
240
171
128
158
159
161
85
2540
170
249
206
0
239
184
308
170
260
154
15920
409
258
245
100
168
233
250
160
243
99
267
1067
353
284
224
1424
29360
176
126
381693
214
76
141
176
1383
238
414
305
600
160
1726
171
173
44
161
273
1912
98
129
335
202
193
493
255
7320
386
259
179
369
126
124
143
117
157
249
231
261
131
238
163
245
127
155
108
936
160
254
154
168
1471
187
266
25823
136
120
142
370
134
224
151
165
134
215
285
214
280
166
272
227
229
153
296
134
312
373
284
296
141
237
3541
147
277
257
249
855
225
299
69
159
214
182
170
170
371
227
155
230
351
211
141
146
571
252
175
221
231
87
30
1676
344112
235
153
240
219
1776
245
222
355
164
94
295
255
132
14765
213
225
130
86
1319
169
191
294
326
92
145
500
492
368
222
141
192
1350
332
92
0
140
141
196
120
118
218
170
3446
44202
283
353
146
104
171
612
180
257
206
613
162
234
142
34134
211
231
935
153
154
227
205
470
262
219
384
338
269
155
274
234
124
229
176
99
260
74
207
162
176
154
152
604
193
15794
142
250
218
186
183
2211
112
5986
28125
261
282
214
163
198
283
160
169
151
364
242
227
362
175
198
215
7254
6874
254
149
141
157
211
131
317
150
236
42440
155
278
310
4070
126
184
112
207
412
295
177
197
233
256
7800
152
169
140
203
869
243
185
175
279
172
229
237
223
364
178
393
150
151
174
206
173
213
251
214
220
968
424
178
414
266
128
548
171
242
314
242
106
276
190
189
152
321
126
152
216
243
324
132
198
548
176
176
212
744
154
241
194
338
219
164
210
240
267
35574
280
202
144
166
301
265
167
182
14995
236
227
308
174
213
40
145
119007
150
478
239
276
164
391
184
262
232
176
19216
98
148
275
79
233
156
393
233
122
115
213
290
245
162
15175
153
130
124
213
4485
154
234
795
148
269
278
289
270
243
248
87
135
182
205
179
222
155
1150
2138
164
154
192
173
164
169
1644
265
126
333
125
165
236
126393
256
176
280
348
293
137
561
72
309
277
412
112
150
210
164
181
110
266
159
217
242
135
2533
226
344
243
132
274
175
1733
156
224
154
194
384
171
2461
119
226
146
260
146
147
145
146
917
334
132
262
966
117
194
251
242
191
124
221
176
195
165
156
226
971
1526
249
7020
153
2000
198
276
151
150
173
256
151
202
140
140
334
301
515
336
297
164
146
8966
280
278
122
167
168
189
119
155
163
177
602
313
90
203
258
187
380
2885
263
138
232
214
163
221
240
235
2137
510
496
312
0
279
173
124
533
207
218
167
121
144
154
289
1392
162
86
136
480
254
158
186
133
270
223
192
401
103
149
395
66
291
25999
165
196
143
3938
356
316
126
184
167
248
258
701
1881
209
5231
87
164
171
262
404
237
162
17625
5145
160
440
1767
133
380
279
159
184
231
495
162
220
130
179
199
157
152
202
169
147
150
115
166
111
228
294
230
124
201
339
232
193
1644
229
3272
1025
178
8113
189
284
274
156
164
38117
155
121
181
131
232
149
64
4330
392
147
5687
18791
0
236
237
543
251
137
381
190
125
168
264
243
263
250
335
281
337
162
127
273
1987
40
191
240
308
115
162
5740
338
193
296
157
120
289
138
457
149
157
154
84
128
176
106
187
238
246
120
178
133
127
613
122
370
257
232
1018
258
732
289
329
158
158
313
82
10519
0
205
247
140
126
1786
985
246
0
262
234
372
120
656
188
308
269
162
199
172
304
216
282
411
206
79
117
177
203
323
253
5676
369
209
199
47
382
222
158
323
90
219
295
155
294
150
286
250
230
183
232
161
197
421
251
4947
383
257
1863
142
225
179
244
56
102
5148
285
1536
169
131
363
117
183
75
1204
70
324
254
1958
174
158
133
244
364
8519
162
207
249
159
197
122
166
137
4083
165
285
300
2972
68
176
587
162
2443
214
111158
10304
177
49
244
241
203
157
319
132
281
46
2666
8334
328
122
285
328
125
186
117
378
154
165
143
135
179
306
1553
296
449
248
262
236
703
192
1016
127
226
212
1010
161
169
274
157
319
167
150
163
406
157
8515
227
215
289
171
168
437
275913
3113
288
5436
274
220
351
348
497
398
133
129
100
301
149
302
281
4170
140
194
787
266
107
9736
150
166
322
161
157
221
121
366
119
242
2752
121
366
295
275
219
201
123
187
148
147
234
406
146
218
291
258
260
167
148
287
157
97
200
7205
157
179
10331
162
101
277
104
250
144
149
150
154
229
106
144
359
2727
228
224
187
228
298
237
271
145
382
141
270
293
119
249
149
1493
167
122
221
163716
54
122
301
167
265
271
155
156
123
141
236
161
128
21950
115
127
171
67025
162
8416
197
171
364
139
82
162
134
2769
115
179
250
143
233
153
2940
169
125
214
1856
161
200
224
220
170
219
145
7139
158
290
520
206
151
257
231
5647
60
147
179
396
262
135
259
237
4177
1530
159
79
290
171
250
187
152
169
134
184
167
239
145
235
321
406
154
420
167
152
145
1145
181
128
90
231
166
124
1228
174
294
136
194
314
1857
164
16422
166
257
4431
0
187
99
237
132
46
47
232
278
458
305
167
12399
241
314
133
149
242
324
316
40
746
230
194
173
106
4116
96
149
154
134
288
2029
384
158
3379
138
3988
185
254
221
193
161
187
635
247
151
164
253
272
395
109
149
132
324
177
315
156
125
80
141
340
669
275
581
213
185
160
161
91
160
336
379
221
233
6617
113
307
189
152
216
290
171
200
111
252
144
260
177
347
77
122
158
366
165
150
130
229
300
221
310
155
274
378
171
296
165
312
3342
69
330
629
135
159
197
1795
167
159
156
102
302
149
260
0
253
174
153
213
52
190
225
278
146
379
244
126
171
250
1283
147
265
116
154
223
265
274
152
254
1217
156
354
198
344
24926
793
299
179
158
182
184
235
177
178
162
58
157
9006
175
238
200
1486
214
99
144
140
704
162
363
970
1712
199
383
141
181
192
1904
259
165
143
24160
100
398
148
272
122
312
101
189
152
485
174
148
367
131
144
38707
155
162
267
184
202
784
384
1406
161
45
195
150
266
178
192
205
164
1026
360
149
177265
176
207
27929
95
247
128
2497
105
150
223
224
255
164
191
176
400
140
255
89
157
252
140
254
371
191
132
189
263
138
122
153
17994
311
320
364
163
360
338
117
159
351
340
5034
879
230
267
308
242
286
244
157
224
159
286
249
231
249
392
255
110
468
239
280
177
129
176
164
144
275
1074
140
288
140
185
161
223
160
443
257
636
151
273
262
239
511
137
153
529
141
193
145
30422
170
276
1947
4879
132
183
58647
242
512
217
326
202
219
131
50551
256
278
140
265
314
140
179
675
150
709
197
423
250
383
132
55096
422
215
117
391
137
163
184
276015
173
0
156
140
130
261
126
7383
265
231
150
40
269
148
256
214
387
124
341
267
147
117
228
79
134
228
3263
313
221
161
209
130
196
104
281
147
156
218
166
252
314
0
159
146
158
330
4478
152
1561
159
134
195
315
118
113
242
176
10359
158
156
124
141
236
160
197
111
166
171
339
232
156
78
376
239
223
92
167
149
114
172
400
180
144
204
169
166
56
1841
349
408
179
19520
242
3345
337
151
136
93
248
162
218
295
198
4401
796
280
2173
4615
176
268
153
117
118
146
21830
341
176
131
302
280
144
343
369
313
238
283
158
139
734
140
215
235
228
114
532
389
276
504
143
198
113
228
276
241
178
2239
161
296
157
268
86
10088
106
30034
241
50
368
281
216
150
200
135
144
264
105
160
246
246
132
76
761
157
184
169
202
157
170
160
167
269
176
4632
154
3949
167
138
140
68
153
614
361
145
198
333
174
202
29150
308
103
749
246
293
25965
262
125
103
145
413
131
240
339
452
132
198
368
141
243
216
199
145
173
128
96
156
905
4117
302
165
608
154
780
146
283
170
102
168
160
164
209
21654
155
64
19316
693
139
154
601
249
222
157
244
2963
145
206
166
302
1165
131
230
51
161
904
196
142
221
235
181
144
144
196
305
1594
138
347
289
186
5573
8324
149
277
165
143
184
144
171
179
180
338
237
275
181
148
1515
239
185
31
174
162
145
287
246
252
174
246
147
174
41
4925
1279
3370
298
176
155
1799
106
4063
155
3772
243
2591
4343
301
2417
172
1459
394
162
122
37931
396
166
140
282
127
220
187
84936
350
335
177
177
292
130
376
416
170
152
168
139
754
143
148
317
236
207
434
189
499
232
375
152
29323
153
154
4146
155
117
231
2215
225
355
140
148
277
104
266
129
290
1095
220
142
167
157
162
324
126
146
311
176
218
391
99
147
161
21488
163
525
301
322
328
179
176
314
179
365
238
154
0
141
681
246
168
149
148
1439
139
142
201
147
264
185
232
171
593
109
198
272
281
162
191
308
85840
426
318
86
208
267
164
144
177
185
298
201
88
160
169
190
126
160
389
247
4181
187
122
326
189
801
214
248
165
13126
145
313
185
421
251
66
364
157
171
5627
140
147
221
147
10339
265
151
206
159
166
138
91
0
176
124
164
1077
583
1044
285
157
147
1949
159
217
275
196
168
278
777
80
130
321
164
207
200
114
246
149
151
183
119
226
1648
176
334
156
193
142
158
170
158
108
178
211
216
93
219
156
762
1700
167
174
150
132
191
125
180
263
151
239
230
162
214
371
135
0
721
293
93
196
204
75
370
230
258
2074
266
143
380
193
291
161
165
109
273
11648
217
282
151
289
303
219
932
178
147
14494
262
145
218
1523
297
136
290
821
369
392
135
284
124
259
178
284
150
493
563
204
178
73
161
247
184
236
165
80
183
148
63
189
160
270
244
161
281
340
363
1138
127
124
197
0
282
251
218
7681
223
197
1311
121
961
300
172
222
360
392
187
256
194
150
80
332
140
152
187
606
160
15426
196
293
313
110
180
146
326
175
290
161
2189
178
132
5608
78
119
7822
171
727
189
165
332
166
300
241
129
266
267
214
299
351
1132
24736
145
161
168
260
312
1486
278
149
166
379
181
9767
333
221
163
164
162
302
160
149
221
235
146
207
366
196
149
106
258
156
142
206
125
134
249
157
157
201
164
267
68
360
245
164
98
131
171
178
135
163
149
144
168
320
761
251
154
83
4074
6309
155
200
135
186
20741
170
257
313
153
152
1379
304
104
128
234
87
225
156
252
189
780
77
154
203
377
191
286
237
212
172
184
20561
129
129
131
5238
171
292
268
246
183
331
201
162
156
247
180
215
275
123
5246
244
104
283
285
162
136
240
239
119
377
130
128
153
418
85
1124
515
441
264
127
221
3055
184
0
141
161
372
303
118
116
3252
352
607
41
134
173
164
49
82
199
5853
331
177
197
152
14931
209
130
66
106
14627
159
143
448
162
150
217
262151
306
127
210
154
229
220
85
151
120
149
161
195
150
253
134
110
230
352
175
142
10414
4171
534
56
276
1027
1020
1418
255
260
153
381
357
191
266
278
82
141
158
177
311
122
327
3928
297
306
143
164
2130
96
153
169
118
210
113
170
159
322
125
158
268
160
9685
252
171
297
160
257
273
235
142
174
241
174
297413
269
313
277
197
3039
292
253
128
138
229
242
226
164
3305
202
160
237
308
189
350
20732
197
135
243
217
1132
388
188
204
28210
133
151
186
164
268
280
291
5743
735
133
180
210
1514
212
75
4065
159
167
40014
237
200
141
240
16571
717
12698
380
166
119
86
11774
155
229
160
158
161
169
297
150
431
192
358
162
151
167
172
170
3340
138
241
266
262
1068
145
188
128
499
242
151
187
318
9173
321
222
3418
219
155
263
182
210
220
179
107
160
149
221
6924
214
132
169
337
143
119
341
148
75
272
11828
245
2256
118
165
139
18147
500
162
313
114
168
390
157
107
218
154
211
120
120
368
4763
175
149
15151
107
5647
145
227
260
356
202
208
0
228
132
173
223
968
74
210
171
173
184
247
3122
163
145
211
335
302
204
108
135
158
7368
327
111
104
117
132
124
232
2641
393
427
169
45
194
261
150
219
7337
3981
455
235
213
208
123
256
122
95
210
413
1747
156
213
345
175
5117
276
149
170
186
5728
206
7350
535
285
4356
292
283
149
155
273
82
125
270
280
49103
242
242
173
1903
351
156
203
157
196
1574
6439
127
306
218
124
29274
248
156
294
21704
197
534
148
514
232
232
170
158
155
154
177
269
358
128
218
148
231
209
128
167
146
3794
2782
357
156
119
1151
178
92
359
303
1289
88
125
657
235
172
248
115
227
194
149
246
163
156
140
101
237
152
104
1218
113
208
2615
147
263
133
116
226
275
124
58
114
179
153
374
315
159
664
272
214
206
302
160
352
186
292
370
158
146
1339
297
273
153
142
261
96
219
122
169
136
215
30524
355
252
90
8392
2839
117
196
138
62
8551
183
175
66
161
109
222350
146
155
1875
82
308
158
303
293
102
235
87
260
152
136
228
334
143
254
228
108
1553
225
156
165
142
249
178
197
6752
133
177
368
360
140
143
195
4929
160
308
290
247
4170
238
159
7902
126
134
263
236
9463
219
7301
156
198
174
166
225
286
263
149
225
199
282
177
259
141
189
148
3214
726
130
146
165
240
243
118
215
295
4879
151
139
200
131
3970
177
38580
177
118
152
231
433
302
287
145
252
0
133
40
354
506
494
339
167
259
191
194
242
425
175
152
292
184
183
275
262
122
283
172
394
186
162
149
127
139
6749
185
152
294
150
199
211
3549
119
120
230
451
134
160
9405
164
155
163
284
276
2401
157
75
118
907
481
322
2169
179
130
123
308
219
28756
121
197
189
256
255
183
226
13226
275
92
250
203
89
187
921
243
244
496
152
208
149
34
270
147
207
476
115
348
322
212
259
130
158
858
262
184
1665
153
183
626
159
304
209
178
414
246
163
312
322
126
102
284
126
138
261
211
246
269
267
164
36923
87
145
301
369
250
308
139
178
168
237
144
378
194
293
214
138
4085
456
158
334
162
355
930
186
132
130
294
233
159
122
196
186
108
309
9996
169
233
178
81
240
299
123
10655
309
174
255
98
108
128
194
282
164
160
256
89
160
124
291
107
152
143
109
152
139
273
164
426
229
301
224
122
160
71
118
207
259
6522
300
259
459
225
291
262
129
8678
226
88
177
164
483
22657
166
